1 0.02644
2 0.01586
3 0.02609
4 -0.02576
5 0.02864
6 0.01135
7 -0.03344
8 0.02109
9 0.01088
10 0.00260
11 0.01790
12 0.00169
13 -0.02799
14 -0.04103
15 -0.01279
16 -0.03009
17 0.00876
18 0.04029
19 -0.10950
20 -0.00197
21 -0.03594
22 -0.01480
23 -0.01660
24 0.01685
25 -0.03664
26 0.00872
27 -0.05173
28 -0.05755
29 0.02564
30 0.00640
31 -0.01839
32 -0.03421
33 0.03904
34 0.06570
35 0.00144
36 0.07339
37 -0.01160
38 -0.01808
39 0.01285
40 0.02311
41 -0.02648
42 -0.04650
43 -0.01322
44 -0.03638
45 -0.00045
46 0.01280
47 0.05711
48 0.04441
49 0.04089
50 -0.03147
51 -0.02836
52 0.05293
53 -0.00053
54 0.05980
55 0.02144
56 -0.00197
57 -0.08036
58 -0.00893
59 0.05579
60 -0.00385
61 -0.04995
62 0.05005
63 -0.01492
64 -0.04636
65 0.03157
66 0.01513
67 0.01655
68 0.01586
69 0.03742
70 0.06585
71 -0.04692
72 0.00058
73 -0.02527
74 -0.01998
75 0.01513
76 -0.03904
77 -0.05343
78 -0.05009
79 0.02891
80 -0.01998
81 -0.00551
82 -0.00045
83 0.01426
84 0.00021
85 -0.06235
86 -0.04125
87 0.04691
88 -0.00348
89 0.02586
90 -0.04491
91 0.06932
92 -0.03926
93 0.00847
94 0.00464
95 -0.06222
96 -0.00720
97 0.02232
98 0.03760
99 0.07375
100 0.03208
101 0.05759
102 0.08476
103 0.07518
104 0.08156
105 0.03352
106 0.04323
107 0.01491
108 0.06143
109 0.07293
110 0.02918
111 0.01899
112 0.05980
113 0.01272
114 -0.03861
115 0.03375
116 0.06291
117 -0.02302
118 0.09858
119 0.09088
120 0.03084
121 -0.00385
122 0.01208
123 -0.01621
124 0.04919
125 0.02676
126 0.08853
127 0.02680
128 0.05448
129 -0.02370
130 0.02765
131 0.04211
132 0.05867
133 -0.00933
134 0.05711
135 0.09514
136 0.06580
137 -0.03469
138 0.05139
139 0.01864
140 0.00319
141 0.05024
142 -0.03443
143 0.03485
144 0.01590
145 0.01431
146 0.02413
147 0.00565
148 0.06615
149 0.10739
150 0.04634
151 0.02457
152 0.03157
153 0.03714
154 0.07262
155 0.06296
156 0.04187
157 0.06187
158 0.03457
159 0.05375
160 0.03969
161 0.04677
162 -0.02769
163 0.02003
164 0.07319
165 0.04220
166 0.11168
167 0.01755
168 -0.04519
169 0.02488
170 0.00889
171 0.07714
172 0.04164
173 0.07375
174 -0.00266
175 -0.04671
176 0.02873
177 0.04819
178 -0.00535
179 0.00033
180 0.00665
181 -0.00004
182 0.08208
183 -0.03802
184 -0.05166
185 0.04206
186 -0.04812
187 -0.01523
188 -0.03605
189 0.03659
190 0.01088
191 0.00548
192 0.02591
193 0.01084
194 0.07880
195 0.00421
196 0.00570
197 0.06042
198 0.07107
199 -0.03620
200 -0.02750
201 -0.00419
202 -0.04810
203 0.01006
204 -0.01849
205 0.00410
206 -0.00454
207 0.07375
208 0.04242
209 -0.02557
210 -0.00827
211 0.09465
212 0.02093
213 0.04469
214 0.02349
215 0.02782
216 -0.01169
217 -0.02409
218 0.01769
219 0.06344
220 -0.02917
221 -0.03192
222 0.08077
223 0.02601
224 -0.01337
225 0.01059
226 0.06684
227 -0.03793
228 -0.01754
229 -0.02812
230 0.06059
231 -0.01865
232 0.00753
233 0.06133
234 0.06576
235 -0.03056
236 -0.05171
237 0.00021
238 -0.02206
239 -0.00285
240 0.03965
241 0.03192
242 -0.01873
243 0.06273
244 -0.00181
245 0.05229
246 0.03830
247 0.06560
248 -0.04272
249 -0.03623
250 -0.00024
251 0.09134
252 -0.01652
253 -0.01950
254 -0.01901
255 -0.04312
256 -0.00521
257 0.03071
258 0.04561
259 -0.00168
260 0.04752
261 -0.00893
262 -0.04249
263 0.00031
264 0.03177
265 0.06344
266 0.01325
267 0.05431
268 0.02249
269 0.01123
270 -0.00871
271 -0.00963
272 0.00044
273 0.06190
274 0.05690
275 0.02872
276 0.04908
277 -0.01128
278 -0.01621
279 0.07518
280 0.00725
281 0.03211
282 0.05838
283 0.01612
284 0.03006
285 0.02848
286 0.03702
287 0.04415
288 -0.00249
289 0.01929
290 -0.06115
291 -0.01277
292 0.03862
293 -0.00471
294 -0.01064
295 0.00839
296 0.03299
297 -0.03466
298 -0.00066
299 0.00057
300 -0.00261
301 -0.00202
302 -0.01277
303 -0.00437
304 0.03177
305 0.00814
306 0.00434
307 0.01353
308 -0.01082
309 0.03979
310 0.04415
311 -0.00613
312 0.02246
313 0.03643
314 0.02336
315 0.01195
316 0.04897
317 0.05275
318 -0.04092
319 -0.01904
320 -0.00205
321 -0.02091
322 0.03279
323 -0.00623
324 -0.04631
325 -0.02054
326 -0.01150
327 0.04034
328 -0.01625
329 -0.05926
330 0.01916
331 -0.02184
332 0.01882
333 0.02656
334 -0.05416
335 -0.00484
336 -0.04455
337 -0.00706
338 -0.08519
339 -0.01757
340 -0.04339
341 -0.01969
342 0.00088
343 -0.01092
344 -0.04870
345 -0.00066
346 0.04355
347 -0.00466
348 0.01877
349 -0.05688
350 0.04646
351 -0.03095
352 -0.06415
353 -0.03177
354 0.01308
355 0.00273
356 -0.00825
357 -0.02207
358 0.03921
359 0.01714
360 0.02833
361 0.02036
362 0.02214
363 0.04454
364 0.02918
365 0.05395
366 0.06080
367 -0.00904
368 0.03293
369 0.01359
370 0.01504
371 -0.01353
372 0.03540
373 0.01841
374 0.03671
375 -0.02023
376 -0.00111
377 0.03460
378 0.03575
379 -0.00270
380 0.02156
381 0.05501
382 0.02156
383 0.04212
384 0.01587
385 0.04587
386 0.03416
387 0.03928
388 0.04056
389 -0.00889
390 -0.05343
391 -0.02111
392 -0.06498
393 -0.06058
394 -0.05180
395 -0.02823
396 -0.06123
397 -0.04132
398 -0.02508
399 0.01107
400 -0.06278
401 -0.05694
402 -0.06470
403 0.01929
404 0.01408
405 -0.00711
406 0.05037
407 0.02134
408 0.01022
409 -0.02800
410 0.01593
411 0.01788
412 -0.00531
413 0.00903
414 -0.02113
415 -0.02972
416 -0.00681
417 0.00941
418 0.02112
419 -0.03865
420 0.00941
421 -0.01541
422 -0.04833
423 -0.03826
424 -0.05180
425 0.00610
426 0.01766
427 0.01642
428 -0.06299
429 -0.01734
430 0.02175
431 0.02687
432 -0.04191
433 0.02832
434 -0.01807
435 -0.00861
436 -0.04331
437 -0.04643
438 -0.04444
439 -0.01165
440 -0.05632
441 0.01972
442 0.01362
443 0.01169
444 0.03788
445 -0.00558
446 0.01905
447 0.01238
448 0.01777
449 0.00678
450 0.04294
451 0.05560
452 -0.03591
453 0.00697
454 -0.03397
455 0.03565
456 0.01960
457 -0.00847
458 0.01367
459 0.05896
460 -0.00206
461 -0.02718
462 -0.00774
463 0.01805
464 -0.00670
465 -0.01676
466 -0.00294
467 -0.02023
468 0.02766
469 -0.02519
470 0.08745
471 0.03075
472 0.03979
473 0.05996
474 0.04582
475 0.00208
476 0.00403
477 0.01481
478 0.02191
479 0.05715
480 0.05176
481 0.01791
482 0.02929
483 -0.04360
484 -0.01164
485 0.02551
486 -0.00578
487 0.03949
488 -0.00429
489 -0.01881
490 0.02001
491 0.02049
492 0.03039
493 -0.02408
494 0.02488
495 0.04464
496 -0.03636
497 -0.01382
498 -0.00389
499 0.01028
500 0.06316
501 -0.00797
502 0.00464
503 0.09519
504 -0.04695
505 -0.02381
506 0.03087
507 -0.02396
508 -0.02942
509 -0.03176
510 0.04868
511 -0.07412
512 -0.04695
513 0.00085
514 0.02631
515 0.03788
516 0.03643
517 -0.01320
518 -0.02393
519 -0.00631
520 -0.01361
521 -0.00982
522 -0.05093
523 0.01073
524 -0.00608
525 0.03690
526 0.01053
527 0.03087
528 0.04478
529 -0.02224
530 0.01375
531 0.01740
532 0.03476
533 0.06235
534 -0.01107
535 0.03655
536 -0.01256
537 0.03461
538 -0.00285
539 -0.00622
540 0.04919
541 0.03044
542 -0.00622
543 0.02701
544 -0.02073
545 -0.01107
546 0.04415
547 0.09055
548 -0.04783
549 0.02074
550 0.00896
551 -0.04092
552 0.01999
553 -0.01565
554 -0.04910
555 0.03543
556 -0.02485
557 -0.01496
558 -0.00797
559 -0.01537
560 0.05980
561 -0.06287
562 0.01838
563 0.03880
564 -0.02352
565 -0.02431
566 0.04388
567 -0.01719
568 0.02060
569 0.00269
570 -0.03873
571 0.01580
572 -0.03453
573 -0.03713
574 -0.01620
575 0.01774
576 0.00240
577 0.00830
578 0.07477
579 0.01889
580 -0.06228
581 -0.04931
582 -0.07474
583 0.00375
584 -0.00041
585 -0.06025
586 0.00956
587 -0.00543
588 -0.01523
589 0.02187
590 0.00580
591 0.00187
592 -0.04042
593 -0.01461
594 -0.02994
595 -0.00209
596 0.01635
597 -0.02071
598 0.02524
599 0.03057
600 -0.00731
601 -0.03660
602 0.03435
603 0.00865
604 -0.02485
605 -0.02171
606 0.02985
607 0.02403
608 0.00643
609 -0.06099
610 -0.01243
611 0.06286
612 -0.01263
613 -0.05138
614 -0.00049
615 -0.07099
616 -0.00097
617 0.02425
618 -0.00184
619 0.01946
620 0.07166
621 -0.07288
622 -0.00054
623 -0.02919
624 0.04155
625 0.03834
626 -0.03835
627 0.00510
628 -0.04366
629 0.04231
630 0.06417
631 -0.01225
632 -0.05051
633 0.04124
634 0.04372
635 0.00841
636 -0.02595
637 0.02646
638 0.03092
639 0.06539
640 0.02175
641 0.03084
642 -0.03397
643 0.01158
644 0.02322
645 -0.01014
646 0.02395
647 0.03247
648 -0.00968
649 0.00326
650 0.00431
651 0.00969
652 -0.04538
653 -0.02234
654 -0.02108
655 -0.01624
656 -0.03018
657 -0.04794
658 -0.04325
659 0.01648
660 -0.00314
661 0.02034
662 0.00708
663 -0.00906
664 0.00026
665 0.02402
666 -0.01385
667 0.02609
668 0.08199
669 -0.02006
670 0.00143
671 -0.00333
672 -0.01692
673 0.01904
674 0.03525
675 0.03773
676 -0.00428
677 -0.01724
678 -0.03463
679 -0.01052
680 -0.00123
681 -0.07528
682 -0.02565
683 -0.00989
684 -0.01213
685 0.05744
686 0.04113
687 -0.03155
688 -0.00366
689 -0.06101
690 0.02187
691 -0.05549
692 0.00748
693 -0.00777
694 0.02813
695 0.03828
696 -0.01586
697 -0.01163
698 -0.02940
699 0.02592
700 -0.00539
701 -0.06763
702 0.00906
703 -0.00866
704 -0.03836
705 0.02520
706 0.01769
707 -0.01461
708 -0.03544
709 0.01592
710 0.06138
711 0.05168
712 -0.00845
713 0.04542
714 -0.04261
715 -0.01028
716 0.03286
717 -0.00516
718 -0.02229
719 0.05559
720 0.05138
721 0.05346
722 -0.05941
723 -0.04213
724 -0.04015
725 -0.05245
726 -0.05117
727 -0.03096
728 0.01741
729 0.04379
730 0.00156
731 -0.03374
732 0.04150
733 -0.04253
734 -0.03689
735 -0.06432
736 -0.00373
737 0.02719
738 -0.03522
739 0.01996
740 0.04112
741 -0.00036
742 -0.00144
743 0.00682
744 0.02149
745 0.02989
746 -0.05937
747 -0.05364
748 -0.01912
749 0.01774
750 -0.03963
751 0.03361
752 -0.01107
753 0.02742
754 -0.01514
755 -0.03835
756 -0.01164
757 -0.03669
758 0.02875
759 0.03368
760 0.01715
761 -0.04437
762 0.02304
763 -0.04208
764 -0.03834
765 -0.03494
766 -0.00472
767 0.02013
768 -0.00814
769 -0.06843
770 -0.01361
771 -0.03275
772 0.00269
773 0.00639
774 -0.01366
775 0.00786
776 -0.01676
777 -0.03018
778 -0.00906
779 -0.03524
780 0.01256
781 0.00946
782 0.01758
783 -0.03122
784 0.02326
785 0.01926
786 -0.02433
787 -0.04178
788 0.00597
789 0.00350
790 -0.00689
791 0.00197
792 0.00352
793 0.03293
794 0.02434
795 0.02673
796 0.02967
797 0.01319
798 0.00301
799 0.04262
800 -0.00736
801 -0.00047
802 0.01137
803 0.02040
804 0.02810
805 0.00845
806 0.03698
807 0.00779
808 -0.02282
809 0.01155
810 -0.05570
811 -0.07804
812 0.00118
813 -0.01075
814 0.00369
815 0.02308
816 0.00479
817 0.02579
818 -0.03316
819 0.01212
820 -0.01116
821 0.03293
822 0.01778
823 -0.02079
824 0.00322
825 -0.00163
826 -0.02206
827 0.04217
828 -0.01339
829 0.00019
830 -0.03980
831 -0.00229
832 0.01617
833 0.02852
834 0.02231
835 -0.05287
836 0.00156
837 -0.05560
838 0.04410
839 -0.01720
840 0.00712
841 -0.02000
842 0.00379
843 -0.05048
844 -0.01077
845 -0.02302
846 0.02173
847 0.01303
848 -0.05318
849 -0.03828
850 -0.03366
851 0.07350
852 -0.07800
853 0.05402
854 -0.05385
855 -0.08406
856 -0.02212
857 -0.02801
858 -0.00374
859 0.03353
860 0.03724
861 -0.00064
862 -0.03147
863 -0.03113
864 -0.00469
865 -0.02255
866 -0.05280
867 -0.01312
868 0.02066
869 -0.00654
870 -0.01810
871 0.00812
872 -0.01504
873 0.00814
874 -0.00766
875 0.01299
876 0.00725
877 0.03144
878 0.04059
879 0.00624
880 0.03263
881 -0.02412
882 0.02520
883 -0.04079
884 -0.04963
885 0.00536
886 0.04463
887 -0.02902
888 -0.09703
889 -0.00317
890 -0.02957
891 0.03900
892 -0.03702
893 -0.05332
894 -0.00753
895 0.03451
896 -0.06126
897 0.02897
898 -0.05182
899 0.00396
900 -0.01464
901 -0.01338
902 -0.06484
903 0.07429
904 0.03588
905 0.02353
906 -0.05332
907 -0.05082
908 -0.02255
909 -0.04626
910 -0.04763
911 0.00628
912 0.00521
913 -0.01086
914 -0.05360
915 0.02084
916 -0.00452
917 0.00011
918 -0.01672
919 0.07481
920 -0.02781
921 0.00034
922 0.02470
923 0.01013
924 0.03986
925 -0.01707
926 -0.01022
927 0.00804
928 -0.03230
929 0.03994
930 -0.03100
931 0.00916
932 0.00532
933 -0.01088
934 -0.01992
935 0.03164
936 0.06400
937 0.04043
938 -0.01537
939 -0.06421
940 0.04706
941 0.05344
942 0.03208
943 0.02965
944 -0.01028
945 -0.00262
946 -0.00292
947 -0.07373
948 0.02588
949 -0.01927
950 0.01940
951 -0.04154
952 -0.02148
953 0.02348
954 -0.00700
955 0.00233
956 0.02191
957 -0.00924
958 -0.08494
959 -0.00542
960 0.01086
961 0.03662
962 0.00350
963 0.04699
964 -0.03727
965 0.07040
966 0.02209
967 -0.02127
968 0.03247
969 0.00980
970 -0.05234
971 0.03130
972 0.01292
973 0.09093
974 -0.01999
975 0.05567
976 -0.01952
977 -0.02793
978 -0.00476
979 -0.00257
980 -0.04079
981 0.01531
982 0.01488
983 -0.03235
984 -0.06034
985 0.01759
986 -0.02109
987 0.06164
988 -0.03725
989 0.03017
990 0.01319
991 0.03920
992 0.02141
993 -0.00601
994 -0.01432
995 -0.01024
996 -0.01198
997 0.03569
998 0.07882
999 0.03866
1000 -0.01297
1001 -0.02191
1002 -0.02024
1003 0.03931
1004 0.02227
1005 0.01975
1006 0.00074
1007 -0.02691
1008 0.00577
1009 0.02429
1010 0.05542
1011 -0.02138
1012 0.02606
1013 0.02331
1014 0.05239
1015 -0.00022
1016 -0.01057
1017 -0.04479
1018 0.02979
1019 0.01977
1020 -0.04335
1021 0.01337
1022 0.04882
1023 -0.01180
1024 -0.01043
1025 0.05427
1026 0.00377
1027 -0.03979
1028 -0.03329
1029 -0.01728
1030 -0.06074
1031 -0.00719
1032 -0.01771
1033 0.04554
1034 -0.02591
1035 -0.03034
1036 -0.02723
1037 0.00003
1038 0.00694
1039 0.09574
1040 0.01780
1041 0.01181
1042 0.01468
1043 -0.02965
1044 -0.00151
1045 0.03043
1046 -0.03542
1047 0.09174
1048 -0.01755
1049 0.01446
1050 -0.04213
1051 -0.01453
1052 -0.05230
1053 0.03105
1054 0.05506
1055 0.01174
1056 -0.05841
1057 -0.06505
1058 0.00392
1059 0.01543
1060 -0.00103
1061 0.04824
1062 0.03677
1063 0.03026
1064 0.03043
1065 -0.03707
1066 0.02132
1067 -0.05748
1068 0.05367
1069 0.04948
1070 -0.05850
1071 0.01474
1072 0.04720
1073 -0.04397
1074 -0.03461
1075 0.02838
1076 0.01276
1077 0.00458
1078 0.00830
1079 0.03021
1080 0.01198
1081 0.02107
1082 0.01317
1083 0.04502
1084 -0.04518
1085 0.09368
1086 -0.03513
1087 0.00697
1088 0.06509
1089 -0.03281
1090 -0.00878
1091 -0.01881
1092 -0.06346
1093 -0.03476
1094 -0.00366
1095 0.02656
1096 -0.06742
1097 0.03733
1098 -0.00647
1099 0.00519
1100 0.02137
1101 0.01145
1102 -0.05230
1103 0.00326
1104 0.02425
1105 0.00326
1106 0.01160
1107 -0.01929
1108 -0.04669
1109 0.00208
1110 0.00941
1111 -0.02845
1112 0.00598
1113 0.00791
1114 -0.06128
1115 0.00124
1116 0.02187
1117 0.01373
1118 -0.06730
1119 -0.01413
1120 -0.02337
1121 -0.01909
1122 -0.02322
1123 -0.01696
1124 -0.01588
1125 0.03721
1126 0.04586
1127 -0.00989
1128 -0.00540
1129 -0.02318
1130 -0.02550
1131 -0.01128
1132 -0.02893
1133 0.04584
1134 -0.00577
1135 0.00742
1136 -0.01874
1137 0.02760
1138 0.03135
1139 0.00364
1140 -0.02583
1141 -0.00154
1142 -0.02716
1143 0.00965
1144 0.05077
1145 -0.03399
1146 0.07050
1147 -0.01143
1148 -0.01857
1149 -0.02173
1150 0.00859
1151 0.01344
1152 -0.04115
1153 0.07008
1154 -0.05106
1155 -0.01136
1156 -0.02621
1157 0.04860
1158 0.02143
1159 0.00176
1160 0.01380
1161 -0.02580
1162 0.04269
1163 -0.00801
1164 0.01627
1165 -0.03260
1166 0.04402
1167 -0.02798
1168 -0.00507
1169 0.02358
1170 -0.00373
1171 -0.03182
1172 -0.03458
1173 0.05312
1174 -0.02790
1175 -0.05216
1176 0.02975
1177 -0.00950
1178 0.00820
1179 0.00767
1180 -0.01284
1181 -0.02643
1182 -0.00348
1183 -0.01310
1184 -0.01296
1185 -0.04406
1186 -0.01960
1187 0.03892
1188 0.04686
1189 -0.03988
1190 -0.03702
1191 -0.00785
1192 0.03061
1193 -0.00063
1194 -0.00395
1195 0.01357
1196 -0.00627
1197 -0.01826
1198 -0.02444
1199 0.05537
1200 0.00889
1201 -0.01518
1202 0.02009
1203 -0.01795
1204 0.01210
1205 0.01139
1206 -0.02028
1207 0.02209
1208 -0.00958
1209 -0.00532
1210 0.00710
1211 0.01985
1212 -0.06864
1213 -0.02084
1214 0.01337
1215 -0.00936
1216 0.00028
1217 0.00148
1218 0.03643
1219 -0.04859
1220 -0.05423
1221 -0.00203
1222 0.03115
1223 0.02956
1224 0.00107
1225 -0.02838
1226 0.00562
1227 0.03220
1228 -0.03956
1229 0.01176
1230 -0.01219
1231 0.01586
1232 -0.02718
1233 -0.00519
1234 0.03260
1235 -0.02522
1236 -0.00817
1237 0.02502
1238 0.02260
1239 -0.04093
1240 0.02210
1241 0.05435
1242 -0.03236
1243 0.02408
1244 0.00056
1245 -0.02160
1246 0.00145
1247 -0.01100
1248 0.01743
1249 0.04234
1250 -0.00132
1251 -0.00384
1252 0.02972
1253 0.02787
1254 0.02661
1255 0.01945
1256 0.04296
1257 -0.05713
1258 0.02515
1259 0.07098
1260 0.08204
1261 0.07686
1262 0.05512
1263 0.01164
1264 -0.00564
1265 0.00411
1266 -0.04886
1267 -0.00391
1268 0.03395
1269 0.00496
1270 0.04389
1271 -0.01137
1272 -0.00253
1273 -0.03561
1274 -0.00842
1275 -0.01127
1276 0.01609
1277 0.01863
1278 0.02219
1279 0.04405
1280 -0.02023
1281 0.02051
1282 0.02439
1283 -0.03385
1284 0.03610
1285 0.03904
1286 0.00183
1287 -0.01889
1288 -0.00022
1289 -0.00935
1290 0.03748
1291 0.00700
1292 0.01667
1293 0.06684
1294 -0.02179
1295 -0.05495
1296 0.01872
1297 0.00238
1298 -0.01190
1299 -0.02783
1300 -0.01585
1301 -0.00757
1302 0.00514
1303 0.03658
1304 -0.00828
1305 0.00198
1306 -0.00928
1307 -0.02374
1308 -0.06900
1309 0.00779
1310 0.03643
1311 -0.01117
1312 0.01348
1313 -0.03546
1314 -0.00216
1315 -0.00779
1316 0.00852
1317 0.00107
1318 0.01498
1319 0.00092
1320 -0.01362
1321 0.01861
1322 0.04443
1323 -0.01147
1324 -0.00800
1325 0.01494
1326 0.00702
1327 -0.02815
1328 0.02085
1329 -0.05583
1330 0.02120
1331 0.00458
1332 -0.05368
1333 0.02628
1334 -0.00584
1335 0.01875
1336 0.04896
1337 0.01282
1338 0.03360
1339 0.01412
1340 -0.01381
1341 0.02011
1342 0.01551
1343 -0.01869
1344 0.00131
1345 0.05310
1346 0.00496
1347 0.01165
1348 0.00556
1349 -0.01700
1350 0.00669
1351 0.06163
1352 0.06488
1353 -0.03539
1354 0.02592
1355 0.06076
1356 0.02203
1357 0.00135
1358 -0.00611
1359 -0.02411
1360 0.01240
1361 0.05671
1362 0.00195
1363 -0.02562
1364 -0.01186
1365 0.04231
1366 -0.03952
1367 -0.05494
1368 -0.01959
1369 0.00976
1370 -0.03714
1371 -0.01137
1372 -0.03399
1373 -0.03788
1374 0.00026
1375 -0.02394
1376 -0.05590
1377 -0.05942
1378 0.05813
1379 -0.07572
1380 -0.05760
1381 0.03559
1382 0.00377
1383 0.03219
1384 -0.08026
1385 -0.06246
1386 -0.04454
1387 -0.04540
1388 -0.03394
1389 -0.04608
1390 0.00032
1391 -0.05361
1392 -0.01971
1393 -0.03542
1394 -0.02000
1395 -0.00691
1396 -0.00398
1397 -0.06445
1398 -0.00803
1399 -0.06021
1400 -0.02334
1401 -0.07161
1402 -0.04283
1403 -0.04156
1404 0.00430
1405 -0.02426
1406 -0.00676
1407 0.03898
1408 0.01548
1409 -0.04417
1410 -0.02368
1411 -0.00493
1412 -0.02489
1413 -0.00493
1414 0.01074
1415 -0.03374
1416 -0.03080
1417 -0.04227
1418 0.01482
1419 0.00755
1420 -0.03225
1421 -0.03443
1422 -0.00546
1423 0.00870
1424 -0.00372
1425 -0.05096
1426 0.04853
1427 0.01609
1428 -0.10462
1429 -0.08791
1430 -0.04092
1431 0.00573
1432 -0.07802
1433 0.05439
1434 -0.02238
1435 -0.06603
1436 0.03122
1437 0.01791
1438 -0.04259
1439 0.00591
1440 0.02079
1441 -0.01083
1442 -0.03100
1443 -0.01696
1444 -0.08199
1445 -0.01269
1446 -0.00147
1447 -0.00542
1448 -0.02206
1449 -0.02804
1450 -0.02776
1451 -0.00606
1452 -0.01292
1453 0.01364
1454 0.02380
1455 0.00050
1456 0.00248
1457 -0.02273
1458 -0.01394
1459 -0.04497
1460 -0.01548
1461 -0.02490
1462 0.02348
1463 -0.02148
1464 0.01737
1465 -0.01083
1466 0.04604
1467 -0.03771
1468 -0.00442
1469 -0.01834
1470 -0.01644
1471 -0.07060
1472 -0.02400
1473 -0.05553
1474 -0.00138
1475 -0.00649
1476 -0.03137
1477 -0.03522
1478 -0.05650
1479 -0.02085
1480 -0.02745
1481 -0.05082
1482 -0.08710
1483 0.00079
1484 0.00156
1485 0.01187
1486 -0.00794
1487 -0.08249
1488 -0.05125
1489 -0.08914
1490 -0.03344
1491 -0.00614
1492 -0.08060
1493 -0.01959
1494 0.02943
1495 -0.04741
1496 0.03006
1497 -0.01759
1498 -0.03609
1499 -0.00948
1500 0.00975
1501 -0.01664
1502 -0.07608
1503 -0.06059
1504 -0.05273
1505 -0.06277
1506 -0.05881
1507 0.01985
1508 -0.07891
1509 -0.01211
1510 -0.00343
1511 -0.00159
1512 -0.04913
1513 -0.05455
1514 -0.05354
1515 -0.07906
1516 -0.01227
1517 -0.00873
1518 -0.05576
1519 -0.05395
1520 -0.00561
1521 -0.01556
1522 -0.07140
1523 -0.07358
1524 -0.03216
1525 -0.01967
1526 0.01160
1527 -0.01867
1528 0.02856
1529 -0.00818
1530 0.04616
1531 -0.04284
1532 -0.02653
1533 0.02209
1534 -0.02078
1535 0.02223
1536 -0.06156
1537 -0.03787
1538 0.01410
1539 -0.04334
1540 -0.01545
1541 0.01689
1542 -0.03027
1543 -0.02820
1544 -0.04442
1545 -0.04458
1546 -0.04305
1547 -0.04026
1548 -0.01242
1549 -0.02484
1550 -0.02721
1551 -0.05332
1552 -0.05396
1553 -0.07348
1554 -0.03438
1555 -0.03501
1556 -0.04171
1557 -0.03204
1558 0.01354
1559 0.01598
1560 -0.03845
1561 -0.06385
1562 -0.02386
1563 -0.00063
1564 -0.01992
1565 -0.02721
1566 -0.02087
1567 -0.04062
1568 -0.02214
1569 -0.01248
1570 -0.00314
1571 0.01329
1572 -0.00558
1573 -0.02912
1574 -0.07032
1575 -0.03253
1576 -0.02439
1577 -0.03545
1578 -0.09188
1579 0.03094
1580 -0.00242
1581 -0.02005
1582 -0.08589
1583 0.01930
1584 -0.03993
1585 0.01370
1586 0.01504
1587 -0.00413
1588 -0.00728
1589 -0.02593
1590 -0.00840
1591 -0.02205
1592 -0.01255
1593 -0.06816
1594 -0.06177
1595 0.03934
1596 -0.03287
1597 0.01114
1598 -0.04861
1599 0.01583
1600 -0.04874
1601 -0.04004
1602 -0.05742
1603 -0.03383
1604 0.01776
1605 0.01885
1606 0.01661
1607 -0.05918
1608 -0.06614
1609 -0.05001
1610 -0.01879
1611 -0.00576
1612 0.04269
1613 -0.02486
1614 -0.08159
1615 -0.02326
1616 0.04054
1617 -0.03753
1618 -0.03393
1619 0.08885
1620 -0.04826
1621 0.00347
1622 -0.01563
1623 0.00792
1624 -0.00336
1625 0.02848
1626 -0.03613
1627 -0.02332
1628 -0.00572
1629 0.01400
1630 -0.07363
1631 -0.04162
1632 -0.03517
1633 0.04900
1634 -0.00251
1635 -0.03812
1636 0.02475
1637 0.04648
1638 -0.03459
1639 0.02181
1640 -0.03559
1641 0.07377
1642 -0.01099
1643 0.04213
1644 -0.00103
1645 0.05111
1646 -0.07802
1647 0.01989
1648 -0.04355
1649 0.05716
1650 0.01008
1651 -0.05830
1652 0.00934
1653 -0.07149
1654 -0.08580
1655 -0.06578
1656 -0.01269
1657 -0.04744
1658 0.03458
1659 -0.05231
1660 -0.00750
1661 -0.04954
1662 -0.02589
1663 -0.05146
1664 0.05415
1665 -0.06535
1666 0.02150
1667 -0.04636
1668 0.06860
1669 -0.04786
1670 -0.02504
1671 0.03754
1672 -0.07171
1673 0.08391
1674 -0.06710
1675 -0.01065
1676 -0.02343
1677 -0.02360
1678 -0.04350
1679 -0.00808
1680 -0.03457
1681 -0.00915
1682 0.02178
1683 -0.09094
1684 -0.03615
1685 -0.04014
1686 -0.02603
1687 0.06302
1688 0.00395
1689 -0.02591
1690 -0.04465
1691 -0.05291
1692 0.00971
1693 -0.02789
1694 0.02287
1695 -0.05775
1696 0.01296
1697 -0.00118
1698 -0.03258
1699 -0.04222
1700 -0.00017
1701 -0.02044
1702 -0.03950
1703 -0.05283
1704 -0.01598
1705 -0.00797
1706 0.04012
1707 -0.01684
1708 -0.06002
1709 -0.06942
1710 0.00760
1711 0.01573
1712 0.03579
1713 -0.00526
1714 0.02465
1715 -0.04971
1716 -0.02131
1717 -0.01755
1718 -0.07421
1719 -0.01645
1720 0.06092
1721 -0.01245
1722 0.00059
1723 -0.05664
1724 -0.03819
1725 -0.02680
1726 0.00074
1727 -0.01778
1728 -0.06087
1729 -0.05267
1730 -0.01243
1731 -0.06713
1732 -0.04597
1733 -0.05419
1734 -0.04123
1735 -0.05575
1736 0.00519
1737 -0.02971
1738 -0.00633
1739 -0.04610
1740 0.04626
1741 -0.03338
1742 -0.03361
1743 0.00530
1744 -0.04722
1745 0.03821
1746 -0.08936
1747 -0.00025
1748 -0.02376
1749 0.00078
1750 -0.04192
1751 -0.00549
1752 -0.05778
1753 -0.02741
1754 -0.03212
1755 -0.03831
1756 -0.03137
1757 -0.05730
1758 -0.00588
1759 -0.07416
1760 -0.01861
1761 -0.01731
1762 -0.04890
1763 -0.03566
1764 -0.02398
1765 -0.03704
1766 0.00796
1767 0.04301
1768 0.02671
1769 0.02369
1770 -0.08626
1771 -0.01539
1772 -0.01942
1773 0.02119
1774 -0.04698
1775 -0.01173
1776 -0.00596
1777 -0.06880
1778 -0.00845
1779 -0.07251
1780 -0.03343
1781 -0.00945
1782 -0.01419
1783 -0.01720
1784 0.03213
1785 -0.03700
1786 -0.05413
1787 0.05457
1788 0.02947
1789 0.06957
1790 -0.00715
1791 0.02434
1792 -0.00768
1793 -0.07906
1794 0.00235
1795 -0.00569
1796 -0.04615
1797 0.00614
1798 -0.03890
1799 -0.02444
1800 0.02557
1801 -0.01275
1802 -0.05239
1803 -0.02534
1804 -0.01356
1805 -0.01091
1806 -0.04684
1807 -0.01274
1808 -0.01672
1809 0.01015
1810 -0.00088
1811 -0.01549
1812 -0.03790
1813 -0.05122
1814 -0.04856
1815 0.00284
1816 -0.04373
1817 -0.00046
1818 0.01205
1819 -0.01951
1820 -0.03284
1821 0.05378
1822 -0.04252
1823 -0.01173
1824 -0.02578
1825 -0.00388
1826 -0.03176
1827 -0.05592
1828 -0.06053
1829 0.05887
1830 -0.07993
1831 -0.01523
1832 0.01217
1833 0.02749
1834 -0.03024
1835 0.01812
1836 -0.04271
1837 0.03293
1838 -0.04970
1839 -0.01568
1840 -0.06818
1841 -0.00788
1842 0.00552
1843 -0.03892
1844 -0.03270
1845 0.00403
1846 -0.03398
1847 -0.08620
1848 0.00711
1849 -0.00796
1850 0.02775
1851 -0.02928
1852 -0.00799
1853 -0.10244
1854 -0.09030
1855 -0.03571
1856 -0.02455
1857 -0.06273
1858 0.02128
1859 -0.04764
1860 -0.00474
1861 0.03767
1862 -0.09878
1863 -0.05895
1864 -0.03632
1865 -0.03445
1866 -0.00461
1867 -0.08885
1868 -0.01399
1869 -0.00342
1870 -0.00922
1871 0.01608
1872 0.02442
1873 -0.00488
1874 -0.06492
1875 -0.10257
1876 -0.02472
1877 -0.07760
1878 0.00907
1879 -0.10309
1880 -0.00942
1881 -0.07661
1882 -0.02750
1883 -0.02567
1884 0.00781
1885 0.00085
1886 -0.01343
1887 -0.04461
1888 -0.00272
1889 -0.06877
1890 -0.06388
1891 0.06681
1892 -0.00732
1893 0.05344
1894 -0.03060
1895 0.00048
1896 0.02637
1897 -0.02922
1898 -0.07244
1899 -0.04615
1900 -0.05554
1901 -0.07370
1902 -0.03398
1903 -0.03986
1904 0.01610
1905 0.01432
1906 -0.03941
1907 0.03217
1908 0.08129
1909 0.11095
1910 0.01295
1911 -0.03032
1912 -0.02258
1913 -0.09373
1914 0.05181
1915 0.00709
1916 -0.01621
1917 -0.04034
1918 0.10386
1919 0.06074
1920 0.10168
1921 -0.03862
1922 0.02848
1923 0.00226
1924 -0.06587
1925 0.05625
1926 0.00803
1927 0.01782
1928 0.03316
1929 0.01051
1930 0.01514
1931 0.02910
1932 0.03527
1933 0.00910
1934 -0.01983
1935 0.02390
1936 0.05215
1937 0.03569
1938 0.03419
1939 0.05068
1940 0.00395
1941 -0.00115
1942 0.02118
1943 -0.03007
1944 0.04182
1945 -0.04013
1946 0.05173
1947 0.06502
1948 0.04495
1949 0.02860
1950 0.04669
1951 0.05342
1952 -0.05374
1953 0.03353
1954 -0.00852
1955 0.04587
1956 0.01181
1957 0.08446
1958 0.01783
1959 0.02639
1960 -0.03152
1961 -0.05713
1962 0.05143
1963 0.01559
1964 0.04607
1965 0.03387
1966 0.00999
1967 0.03417
1968 -0.00826
1969 -0.00073
1970 0.03629
1971 0.00873
1972 -0.00502
1973 0.06084
1974 0.02155
1975 0.04956
1976 0.00340
1977 -0.04569
1978 0.02844
1979 -0.02944
1980 0.05696
1981 0.01563
1982 -0.03190
1983 0.01038
1984 -0.00871
1985 -0.04097
1986 -0.06871
1987 0.03414
1988 0.10357
1989 0.00470
1990 -0.03577
1991 -0.00406
1992 0.07378
1993 -0.01506
1994 -0.01601
1995 0.01206
1996 -0.03829
1997 -0.00048
1998 -0.00109
1999 0.00534
2000 -0.01894
2001 0.06813
2002 -0.01605
2003 -0.00465
2004 0.00987
2005 -0.01272
2006 0.03226
2007 -0.02712
2008 -0.04018
2009 0.00714
2010 -0.02259
2011 0.00555
2012 0.00285
2013 0.01962
2014 -0.02922
2015 0.06981
2016 0.00620
2017 0.02643
2018 0.01953
2019 -0.03963
2020 0.02856
2021 0.04456
2022 0.05001
2023 0.06023
2024 -0.04247
2025 -0.01838
2026 -0.04376
2027 -0.00580
2028 -0.01323
2029 -0.07653
2030 0.00549
2031 0.08003
2032 0.02740
2033 0.00587
2034 -0.01997
2035 -0.04798
2036 -0.08119
2037 -0.10141
2038 -0.01219
2039 0.00155
2040 0.01465
2041 0.07392
2042 0.00042
2043 0.02647
2044 0.10081
2045 -0.04825
2046 -0.02592
2047 -0.09407
2048 0.05704
2049 -0.05499
2050 -0.09960
2051 0.06113
2052 -0.07144
2053 -0.00709
2054 0.00902
2055 -0.02665
2056 0.03039
2057 -0.04203
2058 -0.00492
2059 -0.06871
2060 -0.01398
2061 -0.00476
2062 -0.04146
2063 -0.05515
2064 0.01861
2065 -0.02488
2066 -0.05333
2067 -0.06995
2068 -0.08665
2069 -0.06297
2070 0.01129
2071 -0.03128
2072 0.00434
2073 0.02635
2074 0.03959
2075 -0.00941
2076 -0.06879
2077 -0.00077
2078 -0.01259
2079 -0.01145
2080 0.04963
2081 -0.03337
2082 -0.06718
2083 0.02937
2084 -0.02597
2085 -0.04820
2086 0.00484
2087 -0.00551
2088 -0.00368
2089 0.02451
2090 -0.01247
2091 -0.02941
2092 0.07052
2093 0.00493
2094 0.00370
2095 -0.07843
2096 -0.04593
2097 0.03501
2098 -0.03767
2099 0.01217
2100 0.04067
2101 0.00308
2102 -0.01256
2103 -0.01583
2104 -0.02155
2105 -0.03521
2106 0.02166
2107 -0.05183
2108 0.02091
2109 -0.04965
2110 -0.02285
2111 0.03328
2112 -0.04800
2113 -0.02025
2114 -0.07008
2115 -0.05996
2116 0.00327
2117 -0.00504
2118 0.01218
2119 -0.01629
2120 0.02864
2121 -0.01861
2122 0.01415
2123 0.00140
2124 -0.06431
2125 0.03489
2126 -0.02478
2127 -0.03648
2128 0.01608
2129 0.08101
2130 0.04527
2131 -0.04267
2132 -0.00573
2133 -0.01180
2134 0.00414
2135 0.02873
2136 0.02407
2137 0.05521
2138 0.03270
2139 -0.02842
2140 0.03590
2141 0.00136
2142 -0.02678
2143 -0.14627
2144 -0.04250
2145 0.00401
2146 -0.08884
2147 -0.00586
2148 -0.06860
2149 -0.06809
2150 -0.06114
2151 -0.06189
2152 0.05701
2153 -0.07660
2154 -0.08444
2155 -0.01237
2156 -0.01673
2157 -0.00997
2158 -0.06055
2159 -0.04767
2160 0.00057
2161 -0.04045
2162 -0.06514
2163 0.00372
2164 -0.01060
2165 -0.15175
2166 -0.15570
2167 -0.00943
2168 -0.08326
2169 -0.05086
2170 -0.05795
2171 -0.07537
2172 0.01733
2173 -0.02508
2174 -0.15738
2175 0.01238
2176 -0.15807
2177 0.01116
2178 -0.13158
2179 0.00389
2180 -0.07839
2181 -0.14660
2182 -0.05589
2183 0.03943
2184 0.02941
2185 -0.10394
2186 -0.01619
2187 -0.05685
2188 -0.07503
2189 0.03006
2190 -0.00419
2191 -0.02448
2192 0.04459
2193 -0.10842
2194 -0.01853
2195 -0.02399
2196 -0.03196
2197 -0.10731
2198 -0.03444
2199 0.04274
2200 0.05397
2201 0.07374
2202 -0.09819
2203 0.09073
2204 0.05887
2205 0.01023
2206 -0.08063
2207 0.01160
2208 0.00037
2209 -0.02089
2210 -0.02580
2211 -0.02462
2212 0.03135
2213 0.00350
2214 -0.06570
2215 -0.06873
2216 0.02838
2217 -0.03228
2218 -0.03170
2219 -0.05617
2220 -0.00676
2221 0.03416
2222 -0.04326
2223 -0.00981
2224 -0.09895
2225 0.04004
2226 0.02028
2227 0.00205
2228 -0.02637
2229 0.02131
2230 -0.01446
2231 0.03254
2232 0.02486
2233 0.01834
2234 0.03833
2235 -0.03250
2236 0.04992
2237 0.01897
2238 -0.01699
2239 -0.06457
2240 -0.03329
2241 0.04915
2242 0.00276
2243 -0.02846
2244 -0.00039
2245 -0.07482
2246 -0.00883
2247 -0.05482
2248 0.00086
2249 -0.05793
2250 -0.05881
2251 -0.03802
2252 -0.02697
2253 0.00158
2254 0.01011
2255 0.09344
2256 -0.00011
2257 -0.00464
2258 -0.02355
2259 0.05183
2260 -0.00613
2261 -0.07466
2262 0.00761
2263 0.02062
2264 0.00229
2265 -0.02217
2266 -0.03304
2267 -0.04103
2268 -0.02946
2269 -0.00646
2270 -0.00465
2271 -0.01143
2272 -0.02732
2273 0.05003
2274 -0.09536
2275 -0.08196
2276 -0.05791
2277 -0.03663
2278 -0.01104
2279 -0.01975
2280 0.04771
2281 0.02699
2282 0.00374
2283 0.01803
2284 -0.06048
2285 0.02228
2286 -0.00975
2287 -0.07062
2288 0.01470
2289 -0.01794
2290 -0.04493
2291 0.04501
2292 0.00046
2293 -0.08263
2294 -0.07268
2295 0.02247
2296 0.01638
2297 -0.07873
2298 -0.04847
2299 -0.09541
2300 -0.01454
2301 0.01599
2302 0.04041
2303 -0.00559
2304 0.00040
2305 0.03176
2306 -0.00359
2307 -0.04970
2308 0.05052
2309 0.29599
2310 -0.01556
2311 0.11410
2312 -0.00159
2313 0.05007
2314 0.01470
2315 -0.01646
2316 -0.03679
2317 0.07019
2318 0.00203
2319 -0.02264
2320 -0.00265
2321 -0.02784
2322 -0.03908
2323 0.01290
2324 -0.00374
2325 -0.05428
2326 0.01936
2327 0.03222
2328 -0.06551
2329 -0.05805
2330 -0.02365
2331 -0.08899
2332 -0.04149
2333 0.00112
2334 -0.04324
2335 -0.01768
2336 -0.01500
2337 -0.01959
2338 -0.02419
2339 -0.00318
2340 -0.01553
2341 -0.03439
2342 0.05610
2343 -0.08232
2344 0.05351
2345 -0.03993
2346 -0.04259
2347 -0.03066
2348 0.01919
2349 -0.03089
2350 0.06205
2351 0.00523
2352 0.02680
2353 -0.02814
2354 -0.02616
2355 -0.02510
2356 -0.01054
2357 -0.02677
2358 0.05610
2359 -0.01730
2360 -0.00450
2361 -0.01408
2362 -0.00260
2363 -0.04474
2364 0.04041
2365 -0.05388
2366 0.03532
2367 0.01666
2368 0.02357
2369 -0.03935
2370 -0.05180
2371 0.01308
2372 -0.06480
2373 0.03722
2374 -0.04988
2375 0.01528
2376 0.00047
2377 0.03476
2378 -0.02916
2379 -0.02881
2380 -0.06538
2381 -0.03251
2382 0.04429
2383 0.05954
2384 0.05909
2385 -0.08295
2386 0.04555
2387 0.01853
2388 -0.03216
2389 -0.04826
2390 0.03955
2391 -0.05494
2392 0.02452
2393 -0.05782
2394 -0.06741
2395 -0.05393
2396 0.04112
2397 -0.05572
2398 -0.07194
2399 0.04752
2400 -0.06461
2401 -0.00022
2402 0.00635
2403 -0.05719
2404 -0.05849
2405 -0.00483
2406 -0.06520
2407 -0.01087
2408 -0.10870
2409 0.06151
2410 -0.01948
2411 -0.05122
2412 -0.07900
2413 -0.03814
2414 0.00002
2415 0.00606
2416 -0.04817
2417 -0.02428
2418 -0.06928
2419 -0.08011
2420 -0.01302
2421 -0.07616
2422 -0.03411
2423 -0.02220
2424 -0.05036
2425 -0.08446
2426 0.03471
2427 -0.00310
2428 -0.01000
2429 -0.11230
2430 -0.08609
2431 -0.03941
2432 -0.04801
2433 -0.00598
2434 -0.05148
2435 -0.01580
2436 0.06953
2437 0.03574
2438 -0.04397
2439 -0.01565
2440 -0.05651
2441 0.00454
2442 -0.10324
2443 -0.03735
2444 -0.01181
2445 -0.04316
2446 0.04976
2447 -0.01439
2448 0.01241
2449 -0.04977
2450 -0.09306
2451 -0.06726
2452 -0.05399
2453 -0.01881
2454 -0.01481
2455 -0.07525
2456 -0.00986
2457 -0.00365
2458 -0.01362
2459 -0.04596
2460 0.01296
2461 -0.06826
2462 -0.07072
2463 -0.03955
2464 -0.02393
2465 -0.03716
2466 -0.04038
2467 -0.02945
2468 0.00044
2469 0.01463
2470 -0.08153
2471 0.01087
2472 0.04468
2473 -0.05380
2474 0.06127
2475 0.04656
2476 0.01671
2477 -0.00666
2478 -0.00370
2479 0.04079
2480 0.00214
2481 0.05923
2482 -0.00818
2483 -0.05596
2484 0.00467
2485 -0.08113
2486 -0.08151
2487 -0.12041
2488 -0.01579
2489 0.03309
2490 -0.06684
2491 -0.07424
2492 -0.02585
2493 -0.05218
2494 -0.03472
2495 0.02127
2496 -0.07915
2497 -0.01554
2498 -0.01323
2499 -0.02453
2500 0.00661
2501 0.02914
2502 0.01446
2503 0.01655
2504 -0.00453
2505 -0.04136
2506 0.00505
2507 0.03502
2508 -0.04003
2509 0.01877
2510 0.04754
2511 0.08058
2512 -0.05797
2513 -0.06178
2514 0.05918
2515 0.02127
2516 -0.00946
2517 -0.09382
2518 0.01492
2519 -0.04172
2520 0.04604
2521 -0.05417
2522 -0.01334
2523 -0.02205
2524 -0.05873
2525 -0.05629
2526 0.04897
2527 -0.10272
2528 0.00031
2529 -0.04666
2530 -0.04824
2531 0.05691
2532 -0.08154
2533 -0.01103
2534 -0.00485
2535 -0.04187
2536 -0.04077
2537 -0.00685
2538 -0.04304
2539 -0.00287
2540 -0.06692
2541 -0.04114
2542 -0.01779
2543 -0.05410
2544 -0.03824
2545 -0.06448
2546 -0.05222
2547 0.03996
2548 -0.03403
2549 0.02771
2550 -0.05720
2551 -0.12048
2552 -0.01613
2553 -0.06058
2554 0.09989
2555 -0.05490
2556 -0.05351
2557 0.01015
2558 -0.07273
2559 -0.07444
2560 0.03869
2561 0.06122
2562 -0.07132
2563 -0.03174
2564 -0.06866
2565 -0.10174
2566 -0.09400
2567 0.01910
2568 -0.03829
2569 -0.10637
2570 0.00133
2571 -0.04420
2572 -0.03713
2573 -0.06126
2574 0.00728
2575 0.02292
2576 0.03827
2577 0.02109
2578 -0.00383
2579 0.03703
2580 -0.09144
2581 -0.09880
2582 -0.04335
2583 0.07364
2584 -0.01879
2585 -0.07538
2586 -0.06673
2587 -0.09136
2588 0.01531
2589 -0.02561
2590 -0.02911
2591 -0.06657
2592 0.10046
2593 -0.08358
2594 0.04873
2595 0.02350
2596 0.08491
2597 0.04873
2598 0.01321
2599 0.00066
2600 0.03096
2601 0.00010
2602 -0.05694
2603 0.02728
2604 -0.05651
2605 -0.10828
2606 0.02119
2607 0.03490
2608 0.06136
2609 0.06831
2610 0.06887
2611 0.01215
2612 0.06989
2613 0.00302
2614 0.07346
2615 -0.01599
2616 -0.03060
2617 -0.00007
2618 -0.02197
2619 -0.07912
2620 0.05657
2621 0.01449
2622 -0.05577
2623 -0.05024
2624 0.04042
2625 0.00926
2626 0.06716
2627 -0.05291
2628 -0.03556
2629 -0.05809
2630 0.05545
2631 0.02005
2632 -0.06674
2633 -0.07965
2634 0.01555
2635 -0.02806
2636 -0.01590
2637 -0.07590
2638 0.00332
2639 -0.00161
2640 -0.04291
2641 -0.04262
2642 -0.04447
2643 -0.03955
2644 -0.00279
2645 -0.05245
2646 -0.07006
2647 -0.06262
2648 -0.07806
2649 -0.06934
2650 -0.02106
2651 0.05055
2652 -0.01591
2653 -0.02542
2654 -0.05445
2655 -0.03194
2656 -0.05235
2657 -0.07172
2658 0.06032
2659 -0.09928
2660 -0.01473
2661 -0.02021
2662 0.04110
2663 -0.00813
2664 0.03714
2665 -0.07454
2666 -0.08518
2667 -0.01581
2668 -0.06531
2669 0.00308
2670 -0.03633
2671 -0.01173
2672 -0.01411
2673 -0.02571
2674 -0.03668
2675 -0.07292
2676 -0.06512
2677 0.02915
2678 -0.05320
2679 -0.05646
2680 -0.01356
2681 0.05856
2682 0.03288
2683 -0.04212
2684 -0.03751
2685 -0.02035
2686 -0.05298
2687 -0.00339
2688 -0.00895
2689 -0.06056
2690 -0.05327
2691 -0.03710
2692 -0.08803
2693 0.02153
2694 0.03811
2695 0.03271
2696 -0.03728
2697 -0.02749
2698 0.07228
2699 0.00666
2700 0.00915
2701 0.00607
2702 -0.12966
2703 -0.04310
2704 0.06669
2705 -0.02644
2706 -0.01990
2707 -0.04759
2708 0.03288
2709 -0.06065
2710 0.00651
2711 -0.05306
2712 -0.14845
2713 -0.07589
2714 -0.03786
2715 -0.08162
2716 -0.04008
2717 0.01556
2718 -0.00686
2719 0.07554
2720 0.02942
2721 -0.03752
2722 -0.03816
2723 -0.00344
2724 -0.09211
2725 -0.04728
2726 -0.04048
2727 -0.04891
2728 -0.06231
2729 -0.10920
2730 -0.05525
2731 -0.02439
2732 -0.09246
2733 0.01143
2734 -0.13376
2735 -0.08085
2736 0.02338
2737 -0.06873
2738 -0.01073
2739 -0.05800
2740 -0.04148
2741 -0.06145
2742 -0.01867
2743 -0.06475
2744 -0.06352
2745 -0.09817
2746 -0.02543
2747 -0.02742
2748 -0.07806
2749 -0.03619
2750 -0.07231
2751 0.00699
2752 -0.10719
2753 -0.00890
2754 -0.00157
2755 -0.04319
2756 0.02255
2757 -0.08146
2758 -0.12682
2759 0.01155
2760 -0.02298
2761 -0.07273
2762 -0.01011
2763 -0.11140
2764 -0.08091
2765 -0.17117
2766 -0.05924
2767 -0.08900
2768 -0.02357
2769 -0.01001
2770 -0.00814
2771 -0.04714
2772 -0.08530
2773 0.03152
2774 -0.08154
2775 -0.09982
2776 -0.11083
2777 -0.07411
2778 -0.04025
2779 -0.04497
2780 -0.16129
2781 -0.07000
2782 -0.01907
2783 -0.03303
2784 -0.02723
2785 -0.02138
2786 -0.03116
2787 -0.11984
2788 -0.00173
2789 -0.08011
2790 -0.00377
2791 0.00974
2792 0.02530
2793 0.09977
2794 0.03529
2795 0.04717
2796 0.00647
2797 0.06297
2798 0.09644
2799 0.05269
2800 0.00755
2801 0.08243
2802 0.05319
2803 0.03586
2804 0.07705
2805 0.04855
2806 0.02545
2807 0.05489
2808 0.02253
2809 0.02510
2810 0.02608
2811 0.05118
2812 0.01840
2813 0.04203
2814 0.10728
2815 0.06673
2816 0.03701
2817 0.08613
2818 0.01893
2819 0.07774
2820 0.06562
2821 0.01849
2822 0.02479
2823 0.07336
2824 0.04098
2825 0.02381
2826 0.03386
2827 0.06276
2828 0.05503
2829 0.01038
2830 -0.02249
2831 0.03796
2832 -0.06202
2833 0.02786
2834 -0.01324
2835 0.00226
2836 -0.01789
2837 -0.02015
2838 -0.00907
2839 0.06336
2840 0.02506
2841 -0.11422
2842 0.00418
2843 -0.12774
2844 -0.02735
2845 0.01295
2846 0.09223
2847 -0.04399
2848 0.03263
2849 0.00381
2850 -0.11570
2851 -0.08734
2852 -0.04085
2853 -0.04028
2854 -0.08446
2855 -0.12010
2856 -0.06223
2857 -0.05187
2858 -0.02494
2859 -0.02675
2860 -0.07999
2861 -0.10613
2862 -0.03880
2863 -0.08535
2864 -0.10467
2865 -0.01063
2866 -0.02408
2867 -0.04653
2868 -0.05474
2869 -0.01764
2870 0.00574
2871 -0.02632
2872 -0.04569
2873 -0.04274
2874 -0.05527
2875 -0.07789
2876 -0.07536
2877 -0.04883
2878 -0.03663
2879 0.00292
2880 -0.03613
2881 0.01296
2882 -0.03676
2883 -0.02130
2884 0.00779
2885 0.02826
2886 -0.05355
2887 -0.00400
2888 -0.01067
2889 -0.05575
2890 -0.05147
2891 -0.00437
2892 -0.06679
2893 -0.05303
2894 -0.10123
2895 -0.03847
2896 0.03304
2897 -0.02576
2898 -0.07773
2899 -0.04060
2900 -0.03058
2901 -0.03137
2902 -0.01942
2903 -0.01922
2904 -0.00012
2905 -0.04061
2906 -0.02846
2907 -0.09663
2908 -0.04574
2909 0.00223
2910 -0.03817
2911 -0.03897
2912 -0.05280
2913 -0.01195
2914 -0.02467
2915 -0.04966
2916 -0.03924
2917 -0.05656
2918 -0.00361
2919 0.00674
2920 -0.03299
2921 -0.04173
2922 0.02194
2923 -0.09344
2924 -0.02162
2925 -0.02737
2926 -0.03060
2927 -0.03564
2928 -0.08732
2929 -0.02312
2930 -0.04934
2931 -0.04505
2932 -0.06777
2933 -0.02348
2934 -0.02509
2935 0.01716
2936 0.02433
2937 -0.01502
2938 0.02918
2939 -0.01054
2940 0.01132
2941 -0.08704
2942 -0.04549
2943 0.00866
2944 0.04678
2945 -0.00198
2946 0.04052
2947 0.00529
2948 0.03503
2949 0.04955
2950 0.01725
2951 0.00836
2952 0.03657
2953 -0.04795
2954 -0.01707
2955 0.00757
2956 0.01555
2957 -0.01146
2958 0.00757
2959 -0.02309
2960 0.02450
2961 0.01083
2962 -0.02798
2963 0.01398
2964 -0.02195
2965 0.00406
2966 -0.05292
2967 -0.04266
2968 -0.05647
2969 0.02819
2970 0.03175
2971 0.01743
2972 0.03432
2973 -0.02413
2974 0.02364
2975 0.00743
2976 0.00597
2977 0.01387
2978 0.01428
2979 -0.04314
2980 -0.09658
2981 0.01753
2982 -0.05140
2983 -0.01362
2984 0.00734
2985 0.07026
2986 -0.05634
2987 -0.01614
2988 -0.06871
2989 -0.02655
2990 -0.02179
2991 0.03519
2992 0.00980
2993 -0.00379
2994 -0.06601
2995 0.01123
2996 -0.04125
2997 -0.00106
2998 -0.02372
2999 -0.01040
3000 -0.01077
3001 -0.02110
3002 -0.06097
3003 -0.00647
3004 0.04461
3005 -0.00990
3006 -0.05361
3007 -0.06367
3008 -0.02091
3009 -0.00714
3010 -0.08587
3011 -0.02637
3012 -0.05921
3013 -0.02650
3014 0.01586
3015 0.00648
3016 -0.03673
3017 0.03373
3018 -0.01337
3019 0.02991
3020 -0.01325
3021 -0.05443
3022 0.00806
3023 -0.04751
3024 -0.00578
3025 0.02449
3026 0.01011
3027 -0.00997
3028 -0.04796
3029 0.01981
3030 -0.01748
3031 -0.02593
3032 0.00100
3033 0.01504
3034 -0.04567
3035 0.02393
3036 0.02577
3037 -0.09256
3038 -0.03856
3039 -0.10723
3040 0.04973
3041 0.02025
3042 -0.04310
3043 -0.02753
3044 0.01861
3045 -0.11816
3046 0.01128
3047 0.01603
3048 0.04271
3049 0.01173
3050 -0.02743
3051 -0.00897
3052 -0.07481
3053 -0.03283
3054 -0.01571
3055 -0.00619
3056 0.03544
3057 -0.01731
3058 0.02351
3059 0.02620
3060 0.00523
3061 -0.01727
3062 -0.04515
3063 -0.04694
3064 -0.02282
3065 -0.03316
3066 0.00702
3067 0.00588
3068 0.01444
3069 0.06867
3070 0.01126
3071 -0.11738
3072 -0.05560
3073 -0.00291
3074 0.02344
3075 0.04209
3076 0.04638
3077 0.04179
3078 -0.06384
3079 0.01324
3080 -0.02166
3081 0.03371
3082 0.05397
3083 0.03304
3084 -0.00541
3085 0.04069
3086 0.02558
3087 -0.04597
3088 0.07235
3089 -0.03446
3090 -0.02092
3091 0.04058
3092 -0.02159
3093 -0.05041
3094 -0.05551
3095 -0.01152
3096 -0.08654
3097 0.01282
3098 -0.00180
3099 0.09337
3100 0.03278
3101 0.03179
3102 0.03282
3103 0.05971
3104 -0.03226
3105 0.03039
3106 -0.00425
3107 -0.00193
3108 0.00265
3109 -0.00718
3110 -0.04897
3111 -0.06113
3112 -0.07916
3113 0.02208
3114 -0.03993
3115 0.02866
3116 -0.01803
3117 -0.07468
3118 0.00060
3119 -0.02684
3120 0.03762
3121 0.02368
3122 0.00881
3123 -0.00996
3124 -0.00335
3125 -0.01752
3126 -0.00041
3127 -0.04676
3128 -0.03767
3129 0.02855
3130 -0.02087
3131 0.02479
3132 0.00020
3133 0.03614
3134 0.02685
3135 -0.03094
3136 0.05177
3137 0.04274
3138 0.04205
3139 -0.02623
3140 -0.03510
3141 -0.05147
3142 0.05865
3143 0.00293
3144 0.00234
3145 -0.02156
3146 0.02493
3147 -0.02553
3148 0.05062
3149 0.01369
3150 -0.02118
3151 -0.00186
3152 0.00363
3153 -0.01646
3154 0.01093
3155 -0.20476
3156 0.06474
3157 0.02407
3158 0.02350
3159 -0.03815
3160 -0.01947
3161 -0.03440
3162 -0.05478
3163 -0.04170
3164 -0.05996
3165 -0.04312
3166 -0.05599
3167 -0.01995
3168 -0.04941
3169 0.01084
3170 -0.01451
3171 0.00474
3172 -0.01629
3173 0.00314
3174 -0.04309
3175 -0.00293
3176 0.02189
3177 -0.02440
3178 0.00640
3179 0.03984
3180 -0.01092
3181 0.00368
3182 0.01431
3183 -0.02063
3184 -0.03106
3185 -0.05452
3186 -0.09195
3187 -0.08445
3188 0.04904
3189 -0.01021
3190 -0.03326
3191 -0.02655
3192 -0.00984
3193 -0.05520
3194 0.05960
3195 -0.03198
3196 -0.00762
3197 0.00091
3198 -0.00143
3199 0.03734
3200 -0.01614
3201 -0.03166
3202 0.00459
3203 0.01185
3204 0.00596
3205 -0.13890
3206 -0.10070
3207 -0.08464
3208 -0.08584
3209 -0.08399
3210 -0.03575
3211 -0.03233
3212 -0.05403
3213 0.03398
3214 -0.07260
3215 -0.01700
3216 0.01071
3217 0.02554
3218 0.01608
3219 -0.08285
3220 0.03358
3221 0.01000
3222 0.04748
3223 0.02761
3224 -0.07626
3225 -0.09106
3226 -0.00047
3227 -0.07036
3228 0.04871
3229 -0.04958
3230 -0.04147
3231 -0.08351
3232 0.06136
3233 -0.02273
3234 -0.06258
3235 -0.03551
3236 0.02636
3237 0.01276
3238 -0.09586
3239 -0.03589
3240 -0.07816
3241 0.01160
3242 0.01560
3243 -0.04576
3244 0.00466
3245 -0.09830
3246 -0.03943
3247 -0.02400
3248 0.00427
3249 0.00722
3250 0.02190
3251 -0.01311
3252 -0.00522
3253 0.01837
3254 -0.12794
3255 -0.01113
3256 -0.05422
3257 -0.05299
3258 -0.04925
3259 0.01335
3260 -0.05873
3261 0.00662
3262 -0.00041
3263 0.01111
3264 0.04684
3265 -0.01058
3266 -0.09702
3267 -0.07348
3268 -0.08954
3269 -0.01153
3270 -0.01847
3271 -0.11199
3272 -0.12807
3273 -0.03610
3274 -0.08489
3275 -0.06547
3276 -0.01836
3277 -0.00543
3278 -0.06521
3279 -0.07341
3280 -0.06024
3281 0.03973
3282 -0.05341
3283 -0.06533
3284 -0.05712
3285 0.02552
3286 -0.07152
3287 -0.05594
3288 -0.06391
3289 -0.05692
3290 -0.05640
3291 -0.07624
3292 -0.00348
3293 0.06438
3294 0.01841
3295 -0.02020
3296 0.01753
3297 0.04622
3298 -0.04998
3299 -0.06042
3300 0.01048
3301 -0.02585
3302 -0.02243
3303 0.01766
3304 0.02651
3305 0.03146
3306 0.00038
3307 0.03575
3308 -0.01036
3309 -0.00467
3310 0.06607
3311 0.01349
3312 -0.00041
3313 -0.05331
3314 0.04936
3315 0.03546
3316 -0.01711
3317 -0.11224
3318 -0.02512
3319 0.00773
3320 0.02666
3321 -0.00289
3322 0.04240
3323 0.04199
3324 0.03366
3325 0.00352
3326 -0.04757
3327 0.02067
3328 0.04463
3329 -0.01066
3330 0.07464
3331 0.03952
3332 0.01505
3333 0.00959
3334 0.04833
3335 0.03776
3336 0.01059
3337 -0.07898
3338 0.01340
3339 0.02956
3340 0.00047
3341 0.02896
3342 0.01020
3343 -0.00176
3344 0.08692
3345 -0.02853
3346 -0.00892
3347 0.09022
3348 -0.01944
3349 0.02740
3350 -0.00559
3351 0.07898
3352 -0.00185
3353 -0.00731
3354 0.00943
3355 -0.00518
3356 -0.02778
3357 0.00786
3358 -0.00433
3359 -0.02179
3360 0.00654
3361 -0.02711
3362 0.01123
3363 0.06590
3364 0.03710
3365 0.02601
3366 0.05236
3367 0.00478
3368 0.01206
3369 0.01845
3370 0.03866
3371 0.03587
3372 -0.00226
3373 0.04107
3374 0.05874
3375 -0.01288
3376 -0.01584
3377 0.06427
3378 -0.00981
3379 0.01741
3380 -0.00964
3381 0.01289
3382 0.07305
3383 0.02644
3384 0.02823
3385 0.02199
3386 0.01608
3387 0.04202
3388 0.00400
3389 0.01101
3390 0.01895
3391 0.00635
3392 0.01843
3393 -0.00517
3394 -0.00039
3395 0.00555
3396 -0.00223
3397 -0.02025
3398 -0.04432
3399 0.03085
3400 -0.05711
3401 -0.05140
3402 0.00101
3403 -0.04123
3404 0.05772
3405 0.05184
3406 -0.00310
3407 0.01641
3408 0.00278
3409 0.05283
3410 0.03175
3411 0.02445
3412 0.06109
3413 -0.02848
3414 0.00054
3415 -0.02759
3416 0.03092
3417 0.01367
3418 0.09911
3419 0.03549
3420 0.02415
3421 -0.03542
3422 0.03911
3423 0.01827
3424 0.02295
3425 0.10233
3426 0.00218
3427 0.04357
3428 0.10545
3429 0.05137
3430 0.05029
3431 0.07431
3432 0.05342
3433 0.02888
3434 0.10192
3435 0.04166
3436 0.06640
3437 0.05646
3438 0.02728
3439 0.04207
3440 0.09109
3441 0.08590
3442 0.10835
3443 0.03268
3444 0.04198
3445 0.03230
3446 0.03587
3447 0.07294
3448 0.02488
3449 -0.01163
3450 -0.04430
3451 0.02910
3452 0.01145
3453 -0.03318
3454 -0.07118
3455 0.00949
3456 0.03220
3457 0.02243
3458 0.00385
3459 0.00832
3460 -0.00301
3461 0.00184
3462 -0.14924
3463 0.00649
3464 0.05883
3465 -0.00915
3466 0.00337
3467 0.00829
3468 0.04285
3469 0.06644
3470 0.06781
3471 0.03910
3472 0.05763
3473 0.06085
3474 0.07357
3475 -0.04006
3476 0.05462
3477 0.05600
3478 -0.02714
3479 0.01005
3480 0.06137
3481 0.06524
3482 0.01647
3483 0.12133
3484 0.04839
3485 0.06556
3486 0.07543
3487 0.04233
3488 -0.00349
3489 -0.00065
3490 -0.02854
3491 -0.01013
3492 -0.01380
3493 -0.02230
3494 0.07254
3495 -0.02574
3496 -0.01605
3497 0.01696
3498 0.03555
3499 0.07419
3500 0.05109
3501 0.00809
3502 0.04416
3503 0.01301
3504 -0.02486
3505 0.00239
3506 0.09399
3507 0.06682
3508 0.02294
3509 0.06934
3510 0.02206
3511 0.08472
3512 0.08457
3513 0.11448
3514 0.04195
3515 0.08770
3516 0.08102
3517 0.10999
3518 0.04742
3519 0.08794
3520 0.05100
3521 -0.00407
3522 0.01094
3523 0.06704
3524 -0.01965
3525 0.07960
3526 -0.01579
3527 0.06654
3528 0.01346
3529 0.05601
3530 0.06162
3531 -0.02429
3532 0.08079
3533 0.11866
3534 -0.05769
3535 0.06439
3536 0.10721
3537 0.11120
3538 0.04621
3539 0.04285
3540 0.07069
3541 0.02864
3542 0.02031
3543 0.00415
3544 -0.00716
3545 0.12058
3546 0.11834
3547 0.11706
3548 0.01952
3549 -0.05530
3550 0.07151
3551 0.10680
3552 0.05932
3553 0.00491
3554 0.07348
3555 -0.03831
3556 0.10334
3557 0.06342
3558 0.00277
3559 0.07561
3560 0.06817
3561 0.05507
3562 -0.05680
3563 -0.01873
3564 0.05342
3565 -0.00549
3566 0.03854
3567 0.01955
3568 0.07623
3569 0.04051
3570 0.02734
3571 0.07105
3572 0.00947
3573 -0.02179
3574 0.00326
3575 0.00039
3576 0.03628
3577 0.05595
3578 0.00180
3579 -0.01516
3580 -0.00481
3581 0.03965
3582 0.05105
3583 0.04316
3584 0.03802
3585 0.04724
3586 0.05331
3587 0.01194
3588 0.01913
3589 0.04834
3590 -0.10602
3591 0.02978
3592 0.07165
3593 0.10435
3594 0.08087
3595 0.09032
3596 -0.00439
3597 0.03352
3598 0.07655
3599 0.02978
3600 0.07807
3601 0.03457
3602 0.06048
3603 0.02130
3604 0.05296
3605 -0.03896
3606 0.03516
3607 0.00002
3608 -0.04295
3609 -0.03169
3610 0.04425
3611 0.09914
3612 0.09246
3613 0.03820
3614 0.03557
3615 0.05079
3616 -0.01027
3617 0.00161
3618 -0.04913
3619 -0.04641
3620 0.04568
3621 -0.02042
3622 -0.02330
3623 0.00604
3624 0.01980
3625 0.06486
3626 -0.03810
3627 0.07796
3628 0.02735
3629 0.08814
3630 -0.03294
3631 0.00612
3632 0.01690
3633 0.07439
3634 0.09213
3635 -0.00174
3636 0.09349
3637 0.06839
3638 0.05181
3639 0.08397
3640 0.04864
3641 -0.00426
3642 0.04618
3643 0.01435
3644 0.10937
3645 0.03194
3646 0.03157
3647 -0.05925
3648 0.11704
3649 0.06262
3650 0.06646
3651 0.03847
3652 0.02322
3653 0.01622
3654 0.01576
3655 0.08507
3656 0.04326
3657 0.02432
3658 -0.01891
3659 -0.00966
3660 -0.02719
3661 -0.03327
3662 -0.00305
3663 0.05010
3664 -0.03986
3665 -0.06117
3666 0.00271
3667 -0.02167
3668 -0.00446
3669 0.01363
3670 -0.02049
3671 -0.07563
3672 -0.00547
3673 0.04513
3674 0.01290
3675 0.05346
3676 0.02050
3677 0.00167
3678 -0.00627
3679 0.00063
3680 0.01438
3681 0.03565
3682 0.02003
3683 0.05810
3684 0.03402
3685 0.11181
3686 0.06019
3687 0.01440
3688 0.01224
3689 -0.00181
3690 0.01931
3691 -0.05963
3692 0.09305
3693 0.04681
3694 -0.01021
3695 0.05388
3696 0.04725
3697 0.06145
3698 0.02914
3699 0.00595
3700 -0.00836
3701 0.05063
3702 0.01633
3703 0.04535
3704 -0.04556
3705 0.00468
3706 0.00246
3707 0.00966
3708 0.03568
3709 -0.00337
3710 0.00352
3711 0.05358
3712 0.08494
3713 0.02008
3714 0.01785
3715 0.04110
3716 0.06284
3717 0.11109
3718 0.06277
3719 0.03883
3720 0.09841
3721 0.06988
3722 0.02552
3723 0.00664
3724 -0.02580
3725 0.02440
3726 0.07354
3727 -0.00418
3728 -0.01752
3729 0.04824
3730 0.09818
3731 0.09161
3732 0.07175
3733 0.09599
3734 0.11546
3735 -0.01328
3736 0.12188
3737 0.05257
3738 0.10592
3739 0.02547
3740 0.03572
3741 0.10905
3742 0.06887
3743 0.06247
3744 0.14708
3745 0.13349
3746 0.04163
3747 0.06656
3748 0.06169
3749 0.05364
3750 0.11105
3751 0.01170
3752 -0.00672
3753 0.01812
3754 0.00694
3755 0.00050
3756 -0.03716
3757 0.00988
3758 0.00684
3759 0.01765
3760 0.00761
3761 0.00946
3762 0.00851
3763 0.02384
3764 0.03486
3765 0.04882
3766 0.06809
3767 0.01220
3768 0.04562
3769 0.03091
3770 0.08329
3771 0.04716
3772 -0.01855
3773 0.06391
3774 0.04172
3775 0.02625
3776 0.09041
3777 0.00133
3778 0.04718
3779 0.06942
3780 0.00383
3781 0.00370
3782 0.07932
3783 -0.01590
3784 0.03645
3785 0.03487
3786 0.05818
3787 0.00972
3788 0.03800
3789 -0.00211
3790 0.03487
3791 0.10633
3792 0.03546
3793 0.00688
3794 0.01956
3795 0.09437
3796 0.04803
3797 -0.08518
3798 0.04256
3799 0.04082
3800 0.05300
3801 0.02709
3802 0.07044
3803 0.05731
3804 0.09321
3805 0.05584
3806 0.07124
3807 0.08387
3808 0.01482
3809 0.00644
3810 0.02915
3811 -0.00639
3812 0.08096
3813 0.05730
3814 0.16201
3815 0.04402
3816 0.01826
3817 0.05632
3818 0.03840
3819 0.16329
3820 0.08673
3821 0.06203
3822 0.12562
3823 0.10856
3824 -0.00022
3825 0.08726
3826 0.06830
3827 0.01956
3828 0.03553
3829 0.02869
3830 0.06531
3831 0.00580
3832 0.06343
3833 -0.01709
3834 0.07452
3835 0.04125
3836 0.00658
3837 0.11393
3838 0.06199
3839 0.04989
3840 0.10216
3841 0.03359
3842 0.07550
3843 0.03335
3844 0.04576
3845 0.10421
3846 0.06269
3847 0.04723
3848 0.06825
3849 0.08471
3850 0.06467
3851 0.07758
3852 0.07418
3853 0.04924
3854 0.12051
3855 0.06572
3856 0.08231
3857 -0.02697
3858 0.04369
3859 0.06606
3860 0.06980
3861 0.08131
3862 0.01363
3863 0.07872
3864 0.05737
3865 0.03378
3866 0.03439
3867 0.03305
3868 0.02826
3869 0.00853
3870 0.03294
3871 -0.02859
3872 0.00872
3873 -0.00850
3874 -0.06578
3875 0.08334
3876 0.05340
3877 0.04970
3878 0.12421
3879 0.02498
3880 -0.00097
3881 0.08319
3882 -0.01367
3883 -0.01612
3884 0.02895
3885 0.06677
3886 0.04844
3887 0.06559
3888 0.07064
3889 0.03632
3890 0.06329
3891 0.08148
3892 0.07646
3893 0.08297
3894 0.05969
3895 0.08074
3896 0.09963
3897 0.10059
3898 0.06450
3899 0.11490
3900 0.10282
3901 0.10563
3902 0.05715
3903 0.07370
3904 0.08325
3905 0.09817
3906 0.11160
3907 0.01634
3908 0.06449
3909 0.02534
3910 0.04513
3911 0.06483
3912 -0.02215
3913 -0.01189
3914 0.03909
3915 0.08677
3916 0.01368
3917 0.11759
3918 0.11158
3919 0.11929
3920 0.08211
3921 0.09246
3922 0.06147
3923 0.09164
3924 0.08722
3925 0.04767
3926 -0.01170
3927 0.04168
3928 -0.04690
3929 0.02060
3930 0.03271
3931 0.06068
3932 0.04718
3933 -0.00115
3934 0.05956
3935 0.01798
3936 -0.00680
3937 0.07977
3938 -0.03752
3939 -0.11907
3940 -0.04030
3941 0.02965
3942 0.04603
3943 -0.05757
3944 0.05456
3945 -0.00999
3946 0.08826
3947 0.08737
3948 0.00077
3949 0.00052
3950 0.10546
3951 0.00223
3952 -0.10465
3953 0.02973
3954 0.04869
3955 0.02765
3956 0.01235
3957 0.05182
3958 0.04247
3959 0.02423
3960 0.06817
3961 0.05163
3962 -0.03987
3963 -0.04135
3964 -0.06479
3965 -0.08570
3966 -0.10474
3967 -0.11206
3968 -0.00083
3969 0.09359
3970 0.05732
3971 0.04086
3972 -0.03441
3973 -0.02316
3974 0.05807
3975 0.07377
3976 0.05366
3977 -0.03477
3978 -0.00102
3979 0.05650
3980 0.07211
3981 0.04922
3982 0.13512
3983 0.01039
3984 0.07848
3985 0.08222
3986 0.09808
3987 0.04968
3988 0.05092
3989 0.05009
3990 0.03510
3991 -0.01553
3992 0.06584
3993 -0.06550
3994 -0.01845
3995 0.09677
3996 0.04653
3997 0.08181
3998 0.08711
3999 0.03625
4000 0.09142
4001 0.06430
4002 0.10763
4003 0.05629
4004 0.11331
4005 0.04526
4006 0.04166
4007 0.09328
4008 0.04082
4009 0.03763
4010 -0.04544
4011 0.01040
4012 0.03619
4013 0.02837
4014 0.11842
4015 0.07718
4016 -0.02126
4017 0.03642
4018 0.07050
4019 0.08798
4020 0.20864
4021 0.00262
4022 0.06585
4023 0.08719
4024 0.02000
4025 -0.02318
4026 0.03117
4027 -0.01131
4028 0.01389
4029 0.01816
4030 -0.01151
4031 -0.00996
4032 0.02292
4033 -0.01625
4034 0.03083
4035 0.14686
4036 0.11536
4037 -0.02600
4038 0.10069
4039 0.06626
4040 0.14244
4041 -0.03069
4042 -0.04668
4043 -0.06053
4044 -0.04249
4045 -0.10124
4046 -0.02247
4047 0.09472
4048 0.11937
4049 0.07731
4050 0.05514
4051 0.12943
4052 0.10330
4053 0.04046
4054 0.04525
4055 0.04719
4056 -0.01242
4057 0.09445
4058 0.05733
4059 0.09271
4060 0.04445
4061 0.00264
4062 0.06627
4063 0.04842
4064 0.03824
4065 -0.01960
4066 0.02582
4067 -0.03258
4068 0.08311
4069 0.02152
4070 0.10005
4071 -0.00783
4072 0.01959
4073 0.05892
4074 0.01438
4075 0.12347
4076 0.16402
4077 0.00915
4078 -0.05540
4079 -0.07088
4080 0.02783
4081 -0.06462
4082 0.02476
4083 -0.05647
4084 -0.03928
4085 -0.01318
4086 0.00557
4087 0.01179
4088 0.06641
4089 0.05968
4090 -0.04963
4091 0.00148
4092 -0.00988
4093 -0.07286
4094 0.05999
4095 -0.00964
4096 -0.00411
4097 0.10191
4098 0.09848
4099 0.11460
4100 0.12830
4101 0.01025
4102 0.18233
4103 -0.01468
4104 0.13291
4105 0.01848
4106 0.01488
4107 -0.02916
4108 -0.02967
4109 0.01474
4110 0.03738
4111 -0.00105
4112 -0.04580
4113 -0.04273
4114 0.03335
4115 0.00629
4116 0.02016
4117 0.07350
4118 0.00034
4119 0.01508
4120 0.02681
4121 0.00472
4122 -0.04709
4123 -0.04360
4124 0.00313
4125 -0.01171
4126 0.06972
4127 0.02044
4128 -0.04143
4129 0.07340
4130 0.03383
4131 0.03591
4132 0.03745
4133 0.08178
4134 0.03258
4135 0.13976
4136 0.03863
4137 0.03760
4138 0.01918
4139 0.07048
4140 0.13744
4141 -0.03096
4142 -0.05813
4143 -0.02838
4144 0.00552
4145 -0.00856
4146 -0.05593
4147 0.00130
4148 0.02659
4149 0.01629
4150 -0.04243
4151 -0.07267
4152 -0.07939
4153 -0.03000
4154 -0.11968
4155 -0.01957
4156 -0.05611
4157 0.00059
4158 -0.01744
4159 -0.02026
4160 -0.07113
4161 -0.05148
4162 0.00119
4163 -0.01284
4164 0.05564
4165 0.06808
4166 -0.02758
4167 -0.03665
4168 -0.00208
4169 0.01805
4170 0.04730
4171 -0.02147
4172 0.01660
4173 0.03007
4174 0.00352
4175 0.05837
4176 0.03955
4177 -0.04142
4178 -0.00007
4179 -0.05509
4180 -0.03513
4181 -0.06257
4182 -0.07315
4183 -0.02952
4184 0.02348
4185 -0.00259
4186 -0.02421
4187 0.00143
4188 -0.02402
4189 -0.04544
4190 0.00256
4191 -0.01310
4192 0.01965
4193 -0.02237
4194 0.02225
4195 -0.05164
4196 0.10695
4197 0.00809
4198 0.04864
4199 0.09036
4200 0.04170
4201 0.09733
4202 -0.07377
4203 -0.00613
4204 -0.09723
4205 -0.03829
4206 -0.06680
4207 0.03461
4208 0.02197
4209 -0.03183
4210 -0.04032
4211 -0.02750
4212 0.00710
4213 -0.04570
4214 -0.01702
4215 -0.08237
4216 0.00400
4217 0.12134
4218 0.11468
4219 -0.01337
4220 0.08477
4221 0.00369
4222 0.00716
4223 -0.04529
4224 -0.04535
4225 -0.04042
4226 -0.02043
4227 -0.03557
4228 -0.02502
4229 -0.02235
4230 -0.00571
4231 0.00410
4232 -0.01756
4233 -0.00346
4234 -0.04775
4235 0.01325
4236 -0.02736
4237 -0.01328
4238 -0.05769
4239 0.07007
4240 0.05221
4241 0.01851
4242 0.05914
4243 0.06275
4244 0.11105
4245 0.10616
4246 0.08548
4247 0.08611
4248 0.08721
4249 -0.00203
4250 -0.03735
4251 0.06560
4252 0.01302
4253 -0.02197
4254 0.02225
4255 0.05518
4256 0.06340
4257 0.05781
4258 -0.04802
4259 0.00898
4260 0.02928
