1 -4.68
2 -2.27
3 -4.60
4 8.01
5 -5.17
6 -1.22
7 10.06
8 -3.47
9 -1.11
10 0.86
11 -2.74
12 1.08
13 8.60
14 12.14
15 4.66
16 9.16
17 -0.61
18 -7.72
19 33.57
20 1.97
21 10.74
22 5.17
23 5.63
24 -2.50
25 10.93
26 -0.60
27 15.16
28 16.85
29 -4.50
30 -0.05
31 6.09
32 10.27
33 -7.45
34 -12.99
35 1.14
36 -14.51
37 4.36
38 6.01
39 -1.57
40 -3.93
41 8.20
42 13.67
43 4.77
44 10.86
45 1.60
46 -1.56
47 -11.25
48 -8.60
49 -7.85
50 9.53
51 8.70
52 -10.39
53 1.62
54 -11.80
55 -3.55
56 1.97
57 23.81
58 3.69
59 -10.98
60 2.43
61 14.65
62 -9.79
63 5.20
64 13.63
65 -5.82
66 -2.10
67 -2.43
68 -2.27
69 -7.10
70 -13.02
71 13.79
72 1.35
73 7.88
74 6.50
75 -2.10
76 11.59
77 15.65
78 14.69
79 -5.23
80 6.50
81 2.84
82 1.60
83 -1.90
84 1.44
85 18.27
86 12.20
87 -9.13
88 2.34
89 -4.55
90 11.38
91 -13.71
92 11.65
93 -0.54
94 0.37
95 18.23
96 3.26
97 -3.75
98 -7.14
99 -14.58
100 -8.01
101 -11.35
102 -16.70
103 -14.86
104 -16.09
105 -6.25
106 -8.35
107 -2.05
108 -12.13
109 -16.52
110 -5.29
111 -2.99
112 -11.80
113 -1.54
114 11.47
115 -6.30
116 -12.43
117 7.29
118 -19.27
119 -17.85
120 -5.66
121 2.43
122 -1.39
123 5.53
124 -9.61
125 -4.75
126 -17.41
127 -4.76
128 -10.71
129 7.47
130 -4.95
131 -8.11
132 -11.57
133 3.79
134 -11.25
135 -18.64
136 -13.01
137 10.40
138 -10.07
139 -2.91
140 0.72
141 -9.83
142 10.33
143 -6.54
144 -2.28
145 -1.91
146 -4.16
147 0.13
148 -13.08
149 -20.86
150 -9.01
151 -4.26
152 -5.82
153 -7.04
154 -14.36
155 -12.44
156 -8.06
157 -12.22
158 -6.48
159 -10.56
160 -7.59
161 -9.10
162 8.52
163 -3.23
164 -14.47
165 -8.13
166 -21.62
167 -2.66
168 13.30
169 -4.33
170 -0.64
171 -15.24
172 -8.01
173 -14.58
174 2.14
175 13.73
176 -5.19
177 -9.40
178 2.80
179 1.41
180 -0.11
181 1.50
182 -16.19
183 11.31
184 15.14
185 -8.10
186 14.13
187 5.28
188 10.77
189 -6.92
190 -1.11
191 0.17
192 -4.56
193 -1.10
194 -15.56
195 -1.54
196 -1.89
197 -13.35
198 -16.02
199 8.83
200 6.19
201 -0.31
202 12.10
203 -2.45
204 4.35
205 0.50
206 2.60
207 -14.58
208 -10.37
209 5.85
210 1.63
211 -18.55
212 -5.85
213 -8.66
214 -5.52
215 -7.23
216 0.89
217 7.57
218 -5.12
219 -14.38
220 5.65
221 9.65
222 -15.94
223 -6.53
224 2.42
225 -1.04
226 -14.77
227 9.13
228 5.87
229 5.70
230 -11.96
231 4.23
232 -2.32
233 -15.24
234 -14.84
235 7.65
236 13.12
237 -0.43
238 7.04
239 -0.79
240 -9.49
241 -7.68
242 3.93
243 -14.38
244 -0.57
245 -12.13
246 -7.29
247 -15.09
248 12.61
249 8.01
250 -1.57
251 -19.71
252 3.69
253 2.84
254 6.25
255 12.72
256 -0.22
257 -5.63
258 -11.33
259 1.90
260 -9.26
261 3.69
262 9.54
263 -0.61
264 -8.39
265 -14.38
266 -3.19
267 -12.83
268 -3.79
269 -3.03
270 0.95
271 1.65
272 -1.11
273 -14.50
274 -12.64
275 -6.98
276 -11.47
277 1.74
278 5.53
279 -14.86
280 -2.41
281 -5.94
282 -13.51
283 -4.46
284 -7.72
285 -7.97
286 -8.93
287 -10.88
288 0.69
289 -4.27
290 16.19
291 2.43
292 -7.36
293 0.13
294 1.90
295 -2.83
296 -7.32
297 7.92
298 -0.69
299 -0.05
300 -0.22
301 -0.05
302 2.43
303 -0.11
304 -8.24
305 -3.08
306 -1.57
307 -1.73
308 2.42
309 -9.52
310 -10.88
311 0.16
312 -5.89
313 -8.95
314 -5.94
315 -1.36
316 -12.46
317 -13.52
318 11.11
319 4.33
320 1.99
321 3.52
322 -6.09
323 0.50
324 11.60
325 4.39
326 2.43
327 -9.49
328 4.74
329 16.15
330 -3.03
331 5.37
332 -4.92
333 -7.10
334 14.16
335 0.79
336 10.61
337 0.86
338 23.56
339 5.88
340 10.79
341 5.14
342 -0.28
343 4.19
344 12.10
345 -0.69
346 -10.17
347 1.06
348 -5.06
349 14.26
350 -11.07
351 6.77
352 16.21
353 9.61
354 -4.68
355 0.83
356 3.52
357 5.43
358 -9.25
359 -4.54
360 -7.34
361 -5.57
362 -6.12
363 -10.96
364 -5.29
365 -10.60
366 -13.57
367 1.03
368 -6.12
369 -3.27
370 -2.08
371 2.14
372 -6.66
373 -5.13
374 -9.01
375 3.99
376 0.20
377 -9.00
378 -9.10
379 -0.20
380 -5.84
381 -13.69
382 -5.84
383 -10.60
384 -5.01
385 -8.91
386 -9.35
387 -10.00
388 -10.71
389 0.52
390 12.76
391 5.02
392 17.15
393 15.16
394 15.18
395 6.22
396 15.18
397 12.22
398 7.83
399 -3.30
400 16.15
401 16.67
402 16.72
403 -5.48
404 -4.45
405 1.03
406 -12.17
407 -5.64
408 -3.87
409 5.67
410 -4.72
411 -5.01
412 0.59
413 -2.98
414 5.67
415 6.61
416 0.17
417 -3.22
418 -5.44
419 9.16
420 -3.22
421 3.25
422 11.83
423 10.38
424 15.18
425 -3.22
426 -4.81
427 -5.44
428 17.25
429 5.82
430 -3.62
431 -6.57
432 9.55
433 -6.89
434 2.80
435 3.61
436 10.10
437 13.65
438 13.09
439 2.15
440 14.27
441 -5.73
442 -4.65
443 -4.36
444 -7.20
445 0.97
446 -5.73
447 -1.46
448 -5.44
449 -0.14
450 -11.21
451 -10.94
452 9.08
453 -2.96
454 7.57
455 -8.93
456 -5.40
457 0.89
458 -4.05
459 -13.77
460 -0.51
461 5.62
462 0.87
463 -5.05
464 0.93
465 4.07
466 -0.61
467 4.15
468 -7.94
469 4.94
470 -19.54
471 -5.64
472 -9.96
473 -13.97
474 -8.90
475 -1.50
476 -2.27
477 -4.16
478 -6.52
479 -13.55
480 -12.31
481 -5.32
482 -7.70
483 10.18
484 1.99
485 -6.87
486 0.39
487 -9.75
488 0.97
489 3.95
490 -5.19
491 -5.60
492 -7.94
493 5.14
494 -4.33
495 -8.65
496 7.55
497 2.85
498 0.56
499 -3.27
500 -12.48
501 1.24
502 -1.95
503 -20.82
504 11.78
505 4.26
506 -8.64
507 5.27
508 8.98
509 6.82
510 -11.82
511 19.03
512 11.61
513 -0.74
514 -4.65
515 -7.20
516 -8.95
517 2.06
518 5.10
519 0.52
520 2.64
521 2.33
522 14.93
523 -3.22
524 0.62
525 -9.64
526 -3.02
527 -7.45
528 -9.99
529 4.18
530 -4.07
531 -4.75
532 -6.52
533 -14.59
534 1.69
535 -9.27
536 1.74
537 -9.15
538 0.62
539 0.34
540 -9.61
541 -5.57
542 0.34
543 -7.20
544 3.15
545 1.53
546 -11.90
547 -20.52
548 11.52
549 -6.26
550 -3.27
551 10.11
552 -3.22
553 3.15
554 12.72
555 -9.03
556 7.77
557 2.34
558 1.24
559 2.92
560 -11.80
561 15.66
562 -5.73
563 -9.75
564 4.67
565 5.36
566 -10.24
567 3.38
568 -3.36
569 -1.49
570 8.85
571 -4.69
572 7.39
573 8.75
574 3.61
575 -5.13
576 -1.11
577 -3.27
578 -14.78
579 -5.24
580 15.66
581 11.26
582 18.69
583 -2.05
584 0.03
585 15.58
586 -3.87
587 0.62
588 5.28
589 -6.06
590 -2.07
591 -1.76
592 9.31
593 2.57
594 6.83
595 -0.19
596 -5.88
597 3.63
598 -6.66
599 -5.60
600 1.08
601 8.44
602 -8.65
603 -2.89
604 7.77
605 4.53
606 -5.44
607 -6.39
608 -2.68
609 15.11
610 4.57
611 -12.42
612 1.60
613 12.35
614 1.61
615 17.73
616 -0.46
617 -6.89
618 -0.25
619 -5.52
620 -14.17
621 19.18
622 -0.25
623 5.98
624 -10.48
625 -9.80
626 8.68
627 0.26
628 10.03
629 -10.64
630 -14.95
631 2.14
632 12.61
633 -10.56
634 -11.08
635 -2.68
636 5.30
637 -6.93
638 -8.65
639 -15.19
640 -3.62
641 -7.89
642 7.57
643 -3.57
644 -6.06
645 1.30
646 -4.12
647 -7.80
648 1.03
649 -1.78
650 0.45
651 -2.98
652 10.67
653 4.53
654 4.53
655 2.98
656 6.24
657 12.73
658 9.08
659 -4.54
660 -0.25
661 -3.30
662 -2.37
663 1.51
664 -0.91
665 -7.44
666 2.70
667 -4.60
668 -18.66
669 4.43
670 -1.19
671 0.11
672 3.95
673 -6.03
674 -9.14
675 -9.67
676 0.34
677 2.27
678 8.90
679 1.87
680 1.79
681 19.21
682 5.22
683 1.08
684 2.27
685 -14.18
686 -10.83
687 8.24
688 -0.28
689 14.77
690 -6.06
691 13.69
692 -3.08
693 0.56
694 -8.79
695 -9.64
696 5.44
697 1.51
698 7.18
699 -6.96
700 1.24
701 17.07
702 -3.14
703 1.41
704 8.75
705 -7.25
706 -4.21
707 2.89
708 8.13
709 -4.87
710 -13.97
711 -12.15
712 1.20
713 -11.29
714 9.24
715 1.97
716 -7.29
717 0.24
718 5.00
719 -13.52
720 -12.52
721 -13.09
722 14.65
723 10.11
724 9.07
725 13.16
726 11.95
727 6.61
728 -4.60
729 -10.22
730 -1.22
731 7.18
732 -10.03
733 10.22
734 8.85
735 16.26
736 0.52
737 -7.24
738 9.06
739 -5.48
740 -9.51
741 -0.45
742 -0.19
743 -3.08
744 -4.92
745 -8.13
746 15.84
747 13.16
748 4.19
749 -5.13
750 9.26
751 -9.38
752 1.69
753 -7.59
754 3.98
755 9.08
756 1.99
757 8.63
758 -8.18
759 -8.95
760 -5.30
761 10.56
762 -6.02
763 9.43
764 8.91
765 9.48
766 0.29
767 -5.67
768 1.44
769 17.31
770 2.32
771 7.74
772 -1.49
773 -2.67
774 3.13
775 -2.86
776 2.79
777 6.73
778 0.56
779 8.24
780 -2.42
781 -3.54
782 -4.64
783 7.17
784 -6.52
785 -3.96
786 4.88
787 9.18
788 -2.11
789 -1.68
790 0.03
791 -0.54
792 -0.91
793 -8.64
794 -6.61
795 -6.84
796 -6.74
797 -3.94
798 -1.72
799 -10.12
800 0.46
801 -0.58
802 -2.91
803 -5.73
804 -7.59
805 -2.69
806 -10.10
807 -2.69
808 5.30
809 -3.87
810 13.92
811 20.06
812 -1.13
813 1.61
814 -2.81
815 -6.33
816 -2.14
817 -7.38
818 6.37
819 -4.00
820 1.87
821 -8.64
822 -6.05
823 5.10
824 -2.08
825 -0.77
826 4.78
827 -10.61
828 3.22
829 -1.36
830 9.64
831 -0.61
832 -4.47
833 -7.83
834 -6.61
835 12.94
836 -0.91
837 13.55
838 -11.16
839 3.06
840 -2.38
841 3.61
842 -1.13
843 13.11
844 2.09
845 6.16
846 -6.33
847 -4.21
848 12.69
849 9.06
850 7.16
851 -16.63
852 20.58
853 -13.49
854 12.71
855 22.66
856 3.99
857 6.16
858 0.21
859 -8.77
860 -9.27
861 -0.85
862 7.40
863 7.31
864 0.44
865 5.39
866 13.26
867 2.04
868 -5.94
869 0.26
870 3.61
871 -2.92
872 2.36
873 -3.08
874 0.85
875 -3.59
876 -2.41
877 -8.02
878 -10.57
879 -1.71
880 -8.13
881 5.15
882 -6.95
883 9.41
884 11.35
885 -2.12
886 -10.98
887 6.59
888 25.96
889 0.54
890 6.57
891 -10.38
892 9.38
893 13.24
894 0.66
895 -8.98
896 16.22
897 -7.63
898 13.66
899 -2.41
900 1.94
901 3.06
902 17.28
903 -17.48
904 -8.98
905 -6.13
906 13.58
907 12.19
908 5.23
909 11.42
910 11.97
911 -2.49
912 -2.24
913 1.32
914 13.66
915 -5.83
916 0.87
917 -0.25
918 3.42
919 -17.02
920 5.62
921 -1.24
922 -6.69
923 -3.08
924 -10.27
925 3.83
926 1.32
927 -2.44
928 7.62
929 -10.14
930 6.62
931 -3.01
932 -2.11
933 1.80
934 3.59
935 -8.36
936 -14.35
937 -10.39
938 3.24
939 16.40
940 -11.34
941 -13.66
942 -8.01
943 -7.78
944 1.97
945 -1.00
946 0.48
947 18.03
948 -7.55
949 4.71
950 -5.96
951 9.78
952 5.60
953 -6.87
954 1.16
955 -2.18
956 -6.22
957 2.82
958 23.30
959 0.46
960 -3.25
961 -8.99
962 -1.68
963 -11.47
964 8.62
965 -16.03
966 -6.26
967 3.61
968 -8.54
969 -1.93
970 13.64
971 -7.99
972 -3.42
973 -17.86
974 4.09
975 -13.68
976 3.97
977 6.14
978 0.77
979 0.24
980 8.41
981 -5.34
982 -4.48
983 7.14
984 14.92
985 -4.49
986 4.37
987 -14.59
988 8.12
989 -8.34
990 -4.40
991 -10.13
992 -6.41
993 0.29
994 2.02
995 0.85
996 2.55
997 -8.20
998 -17.23
999 -10.31
1000 2.32
1001 4.42
1002 3.67
1003 -9.86
1004 -6.45
1005 -6.19
1006 -1.18
1007 5.71
1008 -2.37
1009 -6.60
1010 -13.63
1011 5.25
1012 -7.14
1013 -5.63
1014 -12.15
1015 -0.64
1016 2.20
1017 11.68
1018 -7.81
1019 -5.74
1020 10.11
1021 -4.44
1022 -10.69
1023 2.03
1024 1.53
1025 -11.53
1026 -1.90
1027 9.47
1028 7.39
1029 2.92
1030 14.69
1031 1.05
1032 3.03
1033 -8.84
1034 5.45
1035 6.61
1036 5.47
1037 -1.01
1038 -3.57
1039 -18.75
1040 -4.69
1041 -3.93
1042 -4.13
1043 6.10
1044 -0.33
1045 -7.80
1046 7.96
1047 -18.01
1048 2.67
1049 -4.69
1050 10.11
1051 2.71
1052 12.61
1053 -8.68
1054 -10.83
1055 -3.30
1056 14.36
1057 16.65
1058 -1.78
1059 -4.91
1060 -0.60
1061 -9.41
1062 -6.96
1063 -5.53
1064 -7.80
1065 7.74
1066 -6.39
1067 13.92
1068 -12.70
1069 -9.67
1070 14.90
1071 -4.60
1072 -11.37
1073 10.95
1074 9.06
1075 -7.80
1076 -3.69
1077 -2.09
1078 -2.50
1079 -8.05
1080 -3.51
1081 -5.73
1082 -4.09
1083 -11.06
1084 10.95
1085 -18.37
1086 7.55
1087 -2.96
1088 -14.99
1089 9.89
1090 0.65
1091 3.95
1092 16.18
1093 10.42
1094 -0.28
1095 -7.25
1096 17.18
1097 -9.88
1098 1.03
1099 -2.39
1100 -6.10
1101 -3.54
1102 12.61
1103 -2.09
1104 -6.59
1105 -1.47
1106 -2.81
1107 3.43
1108 11.37
1109 -1.50
1110 -3.22
1111 6.44
1112 -2.42
1113 -3.18
1114 15.02
1115 -1.30
1116 -5.91
1117 -3.15
1118 18.19
1119 2.61
1120 6.25
1121 3.54
1122 4.11
1123 3.64
1124 2.41
1125 -8.97
1126 -11.09
1127 2.03
1128 0.14
1129 5.07
1130 5.67
1131 1.74
1132 5.26
1133 -10.36
1134 0.86
1135 -2.45
1136 2.97
1137 -7.48
1138 -8.15
1139 -2.80
1140 4.78
1141 -0.79
1142 5.94
1143 -3.89
1144 -12.83
1145 8.07
1146 -16.19
1147 1.62
1148 4.05
1149 4.05
1150 -2.57
1151 -4.15
1152 9.84
1153 -16.81
1154 12.09
1155 1.92
1156 5.53
1157 -11.95
1158 -5.51
1159 -1.89
1160 -4.08
1161 5.26
1162 -11.45
1163 1.25
1164 -4.95
1165 7.37
1166 -11.29
1167 6.48
1168 0.69
1169 -6.29
1170 0.05
1171 7.00
1172 7.90
1173 -13.74
1174 6.62
1175 12.40
1176 -7.95
1177 1.46
1178 -2.94
1179 -2.97
1180 1.97
1181 5.75
1182 -0.48
1183 2.67
1184 2.00
1185 10.64
1186 3.83
1187 -9.63
1188 -11.59
1189 9.66
1190 9.38
1191 0.58
1192 -7.84
1193 -1.01
1194 -0.21
1195 -4.18
1196 0.51
1197 3.97
1198 5.07
1199 -14.05
1200 -3.10
1201 3.83
1202 -5.51
1203 3.25
1204 -3.69
1205 -3.22
1206 3.36
1207 -6.41
1208 1.32
1209 -0.35
1210 -2.99
1211 -4.85
1212 18.42
1213 4.63
1214 -4.44
1215 2.69
1216 -1.07
1217 -0.58
1218 -8.95
1219 12.07
1220 14.35
1221 -0.36
1222 -7.66
1223 -7.61
1224 -1.26
1225 6.42
1226 -2.80
1227 -8.63
1228 9.24
1229 -4.07
1230 3.08
1231 -4.40
1232 6.92
1233 0.09
1234 -8.42
1235 5.11
1236 0.50
1237 -7.06
1238 -5.32
1239 9.78
1240 -5.96
1241 -13.27
1242 6.98
1243 -5.65
1244 -1.76
1245 4.34
1246 -1.66
1247 1.83
1248 -5.06
1249 -10.50
1250 0.25
1251 -0.08
1252 -8.54
1253 -7.39
1254 -7.71
1255 -5.97
1256 -10.63
1257 14.16
1258 -6.79
1259 -15.58
1260 -18.67
1261 -17.83
1262 -13.57
1263 -3.89
1264 0.20
1265 -1.98
1266 11.81
1267 0.25
1268 -8.86
1269 -2.49
1270 -10.97
1271 2.24
1272 -0.24
1273 8.67
1274 0.72
1275 1.58
1276 -5.06
1277 -5.03
1278 -5.98
1279 -10.42
1280 3.83
1281 -6.51
1282 -6.32
1283 7.54
1284 -9.47
1285 -9.36
1286 -1.44
1287 3.97
1288 -0.64
1289 -0.16
1290 -9.47
1291 -3.43
1292 -4.28
1293 -14.91
1294 4.55
1295 12.34
1296 -4.14
1297 -1.57
1298 2.69
1299 6.44
1300 3.36
1301 0.67
1302 -1.76
1303 -8.54
1304 1.16
1305 -1.01
1306 1.09
1307 4.89
1308 17.48
1309 -2.69
1310 -9.54
1311 2.03
1312 -4.16
1313 9.62
1314 0.14
1315 1.04
1316 -2.86
1317 -1.26
1318 -4.35
1319 -1.38
1320 2.80
1321 -5.63
1322 -11.23
1323 1.63
1324 1.09
1325 -3.58
1326 -3.59
1327 7.34
1328 -5.68
1329 14.64
1330 -5.91
1331 -2.09
1332 12.83
1333 -6.74
1334 0.72
1335 -5.51
1336 -11.01
1337 -2.94
1338 -8.34
1339 -5.07
1340 2.53
1341 -6.27
1342 -5.08
1343 3.76
1344 -0.85
1345 -12.44
1346 -2.80
1347 -3.28
1348 -2.94
1349 3.17
1350 -3.05
1351 -14.73
1352 -15.94
1353 7.29
1354 -7.11
1355 -15.27
1356 -6.85
1357 -1.17
1358 0.00
1359 4.50
1360 -3.76
1361 -13.46
1362 -2.09
1363 4.89
1364 1.09
1365 -11.37
1366 9.73
1367 12.68
1368 4.31
1369 -3.61
1370 8.42
1371 2.24
1372 7.74
1373 8.29
1374 -0.13
1375 4.78
1376 14.32
1377 15.34
1378 -13.89
1379 19.52
1380 14.81
1381 -9.36
1382 -1.59
1383 -8.48
1384 20.57
1385 15.02
1386 10.94
1387 10.51
1388 8.55
1389 10.53
1390 -1.08
1391 13.32
1392 4.34
1393 7.30
1394 3.61
1395 0.35
1396 0.11
1397 16.47
1398 0.94
1399 14.88
1400 5.11
1401 18.97
1402 9.80
1403 9.62
1404 -2.18
1405 4.70
1406 0.00
1407 -10.23
1408 -4.16
1409 10.17
1410 6.17
1411 -0.13
1412 5.51
1413 -0.13
1414 -3.53
1415 7.51
1416 6.73
1417 9.98
1418 -4.62
1419 -3.25
1420 6.95
1421 7.86
1422 0.47
1423 -3.21
1424 -0.11
1425 12.40
1426 -11.79
1427 -5.06
1428 28.88
1429 23.89
1430 9.28
1431 -1.59
1432 19.52
1433 -12.56
1434 4.54
1435 16.42
1436 -8.27
1437 -5.32
1438 10.07
1439 -2.25
1440 -5.97
1441 1.63
1442 6.62
1443 3.16
1444 21.29
1445 2.41
1446 -1.59
1447 0.46
1448 4.78
1449 5.19
1450 5.28
1451 0.93
1452 1.67
1453 -4.35
1454 -6.79
1455 -1.59
1456 -1.75
1457 5.60
1458 3.04
1459 10.39
1460 1.83
1461 5.19
1462 -6.57
1463 4.31
1464 -5.35
1465 1.63
1466 -11.71
1467 8.41
1468 -0.41
1469 3.19
1470 3.19
1471 17.96
1472 4.31
1473 13.36
1474 -0.36
1475 0.72
1476 6.88
1477 7.74
1478 14.15
1479 4.31
1480 5.69
1481 12.36
1482 23.63
1483 -1.66
1484 -1.22
1485 -4.25
1486 -0.03
1487 20.91
1488 13.16
1489 24.83
1490 7.43
1491 0.95
1492 21.39
1493 4.31
1494 -8.03
1495 11.57
1496 -7.72
1497 3.48
1498 9.13
1499 1.77
1500 -3.30
1501 3.56
1502 19.10
1503 15.68
1504 12.56
1505 15.63
1506 14.13
1507 -5.91
1508 21.04
1509 1.63
1510 -1.12
1511 -0.31
1512 12.39
1513 13.76
1514 13.30
1515 20.91
1516 1.67
1517 1.27
1518 14.62
1519 13.76
1520 0.35
1521 1.85
1522 18.73
1523 18.69
1524 7.91
1525 4.17
1526 -4.34
1527 2.95
1528 -7.69
1529 0.66
1530 -11.59
1531 10.64
1532 5.45
1533 -6.41
1534 3.97
1535 -6.14
1536 15.62
1537 8.95
1538 -4.15
1539 9.94
1540 3.26
1541 -5.09
1542 6.59
1543 5.07
1544 10.74
1545 10.45
1546 10.53
1547 8.60
1548 2.50
1549 4.85
1550 5.79
1551 12.73
1552 13.25
1553 18.66
1554 7.35
1555 7.85
1556 9.66
1557 7.55
1558 -4.48
1559 -5.34
1560 8.11
1561 16.12
1562 4.92
1563 -1.32
1564 3.91
1565 5.79
1566 3.83
1567 9.03
1568 4.46
1569 2.05
1570 -0.54
1571 -4.34
1572 0.54
1573 6.94
1574 18.91
1575 7.78
1576 5.51
1577 8.56
1578 26.46
1579 -8.09
1580 0.00
1581 5.32
1582 24.91
1583 -5.99
1584 10.26
1585 -4.58
1586 -5.14
1587 0.52
1588 0.98
1589 6.37
1590 1.63
1591 5.20
1592 2.15
1593 18.18
1594 16.57
1595 -9.72
1596 7.42
1597 -4.02
1598 13.10
1599 -4.86
1600 13.07
1601 9.59
1602 15.13
1603 7.86
1604 -5.45
1605 -5.68
1606 -5.08
1607 15.78
1608 18.22
1609 12.77
1610 4.05
1611 -0.24
1612 -11.30
1613 5.79
1614 23.30
1615 4.65
1616 -10.61
1617 9.60
1618 7.77
1619 -20.85
1620 12.09
1621 -1.48
1622 2.87
1623 -2.61
1624 0.21
1625 -7.75
1626 8.89
1627 5.60
1628 0.09
1629 -4.37
1630 20.42
1631 11.27
1632 8.70
1633 -12.48
1634 -0.33
1635 8.71
1636 -7.14
1637 -12.39
1638 8.33
1639 -5.92
1640 9.16
1641 -18.04
1642 2.18
1643 -11.10
1644 -0.29
1645 -13.80
1646 22.05
1647 -5.96
1648 9.92
1649 -13.99
1650 -3.57
1651 16.11
1652 -3.15
1653 20.32
1654 24.75
1655 18.30
1656 1.73
1657 12.87
1658 -9.11
1659 14.27
1660 1.07
1661 12.77
1662 6.31
1663 12.77
1664 -13.92
1665 18.11
1666 -6.56
1667 11.89
1668 -16.84
1669 13.03
1670 5.32
1671 -9.98
1672 20.23
1673 -19.74
1674 18.38
1675 1.21
1676 4.68
1677 4.91
1678 11.27
1679 1.45
1680 8.36
1681 1.60
1682 -7.17
1683 26.45
1684 8.52
1685 10.75
1686 5.71
1687 -15.77
1688 -2.16
1689 5.93
1690 11.21
1691 14.10
1692 -3.21
1693 6.53
1694 -6.25
1695 15.32
1696 -4.18
1697 -0.06
1698 8.15
1699 10.86
1700 -1.28
1701 4.23
1702 10.10
1703 13.78
1704 3.49
1705 1.16
1706 -10.50
1707 3.03
1708 15.81
1709 18.44
1710 -2.37
1711 -4.79
1712 -9.69
1713 1.04
1714 -7.55
1715 13.10
1716 4.60
1717 3.88
1718 20.10
1719 2.81
1720 -15.30
1721 2.42
1722 -1.97
1723 14.80
1724 9.26
1725 6.21
1726 -1.43
1727 4.19
1728 16.45
1729 14.31
1730 2.71
1731 18.21
1732 10.89
1733 14.28
1734 10.69
1735 15.34
1736 -2.74
1737 6.70
1738 0.93
1739 11.95
1740 -11.82
1741 8.14
1742 8.07
1743 -2.37
1744 11.85
1745 -9.98
1746 25.79
1747 -1.71
1748 5.47
1749 -1.57
1750 11.27
1751 0.00
1752 15.01
1753 5.69
1754 7.75
1755 8.32
1756 6.71
1757 15.73
1758 0.52
1759 20.30
1760 3.67
1761 3.70
1762 12.70
1763 8.67
1764 5.23
1765 9.15
1766 -3.00
1767 -10.95
1768 -7.03
1769 -7.17
1770 25.13
1771 3.63
1772 3.11
1773 -6.44
1774 12.09
1775 2.31
1776 0.59
1777 19.16
1778 1.35
1779 20.09
1780 8.73
1781 1.45
1782 2.70
1783 3.11
1784 -8.67
1785 9.48
1786 14.70
1787 -14.01
1788 -7.92
1789 -17.30
1790 0.25
1791 -6.75
1792 0.63
1793 20.87
1794 -1.79
1795 0.52
1796 12.19
1797 -2.69
1798 9.86
1799 5.49
1800 -7.01
1801 2.09
1802 13.96
1803 6.19
1804 2.50
1805 2.03
1806 11.79
1807 2.35
1808 3.64
1809 -3.27
1810 -0.70
1811 3.41
1812 8.63
1813 13.78
1814 12.37
1815 -1.13
1816 10.25
1817 -0.42
1818 -3.25
1819 3.83
1820 7.75
1821 -13.62
1822 11.05
1823 2.00
1824 5.44
1825 0.36
1826 7.31
1827 14.88
1828 16.84
1829 -15.44
1830 22.41
1831 3.11
1832 -3.61
1833 -6.92
1834 6.36
1835 -5.88
1836 10.95
1837 -8.58
1838 12.92
1839 3.28
1840 19.16
1841 1.17
1842 -2.60
1843 9.83
1844 8.15
1845 -2.18
1846 8.04
1847 24.68
1848 -2.44
1849 1.45
1850 -7.95
1851 7.59
1852 0.24
1853 30.11
1854 26.21
1855 9.23
1856 5.27
1857 17.30
1858 -6.54
1859 12.41
1860 -0.55
1861 -10.16
1862 28.75
1863 15.71
1864 8.52
1865 8.75
1866 0.63
1867 24.75
1868 2.91
1869 -0.34
1870 0.95
1871 -5.03
1872 -7.28
1873 -0.66
1874 17.83
1875 30.85
1876 6.12
1877 21.58
1878 -3.32
1879 31.54
1880 1.80
1881 21.49
1882 5.75
1883 6.03
1884 -3.50
1885 -0.53
1886 3.14
1887 11.25
1888 -0.81
1889 18.50
1890 17.50
1891 -16.11
1892 1.17
1893 -13.93
1894 7.00
1895 -0.50
1896 -8.12
1897 7.27
1898 20.74
1899 11.55
1900 14.04
1901 20.86
1902 8.77
1903 10.17
1904 -4.77
1905 -4.70
1906 9.92
1907 -10.13
1908 -19.96
1909 -25.03
1910 -3.69
1911 7.09
1912 5.58
1913 27.75
1914 -13.15
1915 -2.61
1916 3.29
1917 9.59
1918 -24.23
1919 -15.19
1920 -23.05
1921 9.95
1922 -8.12
1923 -1.75
1924 18.06
1925 -13.62
1926 -3.92
1927 -4.84
1928 -9.44
1929 -4.37
1930 -5.68
1931 -8.14
1932 -10.71
1933 -2.98
1934 4.63
1935 -7.05
1936 -13.21
1937 -9.97
1938 -8.93
1939 -13.96
1940 -1.33
1941 -0.42
1942 -5.94
1943 7.24
1944 -10.82
1945 10.25
1946 -13.74
1947 -16.29
1948 -11.86
1949 -7.58
1950 -12.57
1951 -13.29
1952 14.81
1953 -8.93
1954 1.81
1955 -12.69
1956 -3.82
1957 -20.26
1958 -5.92
1959 -8.08
1960 6.16
1961 13.84
1962 -13.29
1963 -4.85
1964 -12.63
1965 -9.04
1966 -3.12
1967 -9.55
1968 0.00
1969 -1.09
1970 -9.62
1971 -4.44
1972 0.54
1973 -15.65
1974 -6.23
1975 -12.72
1976 -1.24
1977 12.47
1978 -7.05
1979 6.71
1980 -15.58
1981 -4.89
1982 7.72
1983 -3.96
1984 0.93
1985 10.03
1986 18.88
1987 -9.04
1988 -24.34
1989 -2.92
1990 8.89
1991 0.18
1992 -17.01
1993 3.08
1994 3.35
1995 -4.40
1996 9.87
1997 -1.70
1998 -0.50
1999 -2.57
2000 3.51
2001 -16.83
2002 3.51
2003 -0.17
2004 -3.96
2005 2.18
2006 -8.67
2007 6.13
2008 10.35
2009 -3.13
2010 5.15
2011 -1.89
2012 -1.90
2013 -6.44
2014 6.58
2015 -17.58
2016 -2.53
2017 -7.58
2018 -5.08
2019 9.95
2020 -7.80
2021 -10.83
2022 -13.25
2023 -14.73
2024 9.40
2025 3.89
2026 11.64
2027 0.63
2028 2.33
2029 21.63
2030 -3.07
2031 -19.17
2032 -7.73
2033 -3.02
2034 4.12
2035 12.25
2036 23.57
2037 29.91
2038 2.35
2039 -1.46
2040 -4.34
2041 -17.97
2042 -0.79
2043 -7.59
2044 -23.19
2045 12.66
2046 5.95
2047 27.34
2048 -15.23
2049 15.37
2050 29.75
2051 -15.71
2052 18.91
2053 0.90
2054 -3.15
2055 6.47
2056 -8.50
2057 10.96
2058 0.92
2059 18.88
2060 3.22
2061 0.36
2062 10.55
2063 14.96
2064 -5.92
2065 5.98
2066 12.93
2067 17.94
2068 24.93
2069 17.50
2070 -4.67
2071 6.82
2072 -1.62
2073 -7.73
2074 -10.38
2075 1.75
2076 18.29
2077 -0.79
2078 2.21
2079 2.04
2080 -12.78
2081 8.24
2082 18.21
2083 -8.05
2084 5.66
2085 11.81
2086 -2.16
2087 0.23
2088 -0.66
2089 -7.30
2090 3.08
2091 6.23
2092 -17.87
2093 -2.58
2094 -2.16
2095 22.15
2096 11.38
2097 -9.80
2098 8.82
2099 -4.79
2100 -11.12
2101 -1.75
2102 2.45
2103 3.60
2104 4.75
2105 9.07
2106 -7.28
2107 13.79
2108 -6.56
2109 12.26
2110 4.87
2111 -9.24
2112 12.83
2113 4.61
2114 19.70
2115 17.00
2116 -2.18
2117 0.45
2118 -4.21
2119 2.75
2120 -8.37
2121 4.63
2122 -4.83
2123 -1.55
2124 18.12
2125 -9.53
2126 6.22
2127 8.77
2128 -5.25
2129 -19.99
2130 -12.35
2131 10.75
2132 0.92
2133 2.15
2134 -2.16
2135 -8.30
2136 -7.80
2137 -13.72
2138 -8.10
2139 5.92
2140 -10.29
2141 -1.62
2142 5.80
2143 48.73
2144 10.96
2145 -2.51
2146 25.61
2147 0.45
2148 18.68
2149 18.68
2150 16.89
2151 16.66
2152 -15.59
2153 20.61
2154 23.56
2155 2.48
2156 2.29
2157 2.01
2158 15.37
2159 12.80
2160 -0.73
2161 10.24
2162 17.83
2163 -2.07
2164 1.67
2165 50.64
2166 52.33
2167 1.64
2168 23.53
2169 13.34
2170 15.47
2171 21.61
2172 -6.05
2173 5.85
2174 52.51
2175 -4.92
2176 52.20
2177 -4.15
2178 41.54
2179 -2.00
2180 22.41
2181 48.10
2182 14.73
2183 -10.33
2184 -7.92
2185 31.60
2186 2.56
2187 14.39
2188 21.50
2189 -7.81
2190 -0.66
2191 5.87
2192 -11.33
2193 32.00
2194 4.26
2195 5.90
2196 8.11
2197 32.13
2198 7.61
2199 -11.52
2200 -13.97
2201 -18.48
2202 29.49
2203 -20.99
2204 -14.59
2205 -3.78
2206 22.83
2207 -3.69
2208 -0.92
2209 5.10
2210 6.00
2211 5.69
2212 -8.37
2213 -1.79
2214 17.27
2215 18.38
2216 -8.68
2217 7.00
2218 7.75
2219 15.24
2220 0.36
2221 -8.71
2222 10.75
2223 2.05
2224 29.65
2225 -10.95
2226 -5.37
2227 -1.17
2228 6.71
2229 -5.77
2230 2.69
2231 -9.36
2232 -7.26
2233 -6.26
2234 -10.55
2235 7.62
2236 -13.29
2237 -5.88
2238 3.07
2239 17.20
2240 7.86
2241 -12.96
2242 -2.18
2243 6.47
2244 -0.60
2245 20.68
2246 0.36
2247 14.65
2248 -1.75
2249 15.27
2250 15.56
2251 9.57
2252 6.29
2253 -1.02
2254 -3.42
2255 -22.88
2256 -1.20
2257 0.54
2258 6.03
2259 -13.05
2260 1.38
2261 21.14
2262 -3.07
2263 -5.70
2264 -1.39
2265 5.35
2266 9.01
2267 10.34
2268 6.48
2269 1.19
2270 0.09
2271 1.17
2272 5.95
2273 -12.57
2274 27.95
2275 23.50
2276 14.91
2277 9.75
2278 2.57
2279 4.01
2280 -11.81
2281 -7.25
2282 -2.84
2283 -6.00
2284 16.22
2285 -6.79
2286 2.05
2287 19.64
2288 -4.65
2289 3.44
2290 11.38
2291 -11.26
2292 -1.04
2293 22.54
2294 20.80
2295 -6.79
2296 -5.76
2297 22.14
2298 12.78
2299 27.38
2300 2.53
2301 -5.04
2302 -10.55
2303 0.22
2304 -0.88
2305 -8.80
2306 -0.36
2307 12.80
2308 -13.02
2309 -52.41
2310 2.59
2311 -26.20
2312 -0.92
2313 -13.50
2314 -4.76
2315 2.17
2316 8.26
2317 -16.75
2318 -1.26
2319 4.98
2320 -0.07
2321 6.13
2322 9.50
2323 -5.03
2324 0.47
2325 13.94
2326 -5.99
2327 -9.44
2328 18.27
2329 15.27
2330 5.84
2331 25.10
2332 10.25
2333 -1.32
2334 10.28
2335 3.98
2336 3.13
2337 4.53
2338 5.17
2339 0.47
2340 2.63
2341 8.92
2342 -13.72
2343 23.03
2344 -13.96
2345 9.71
2346 11.26
2347 6.63
2348 -5.70
2349 6.71
2350 -15.64
2351 -2.16
2352 -7.56
2353 6.23
2354 5.58
2355 5.42
2356 1.49
2357 5.85
2358 -14.19
2359 3.45
2360 0.52
2361 2.54
2362 -0.55
2363 10.39
2364 -10.82
2365 13.73
2366 -10.25
2367 -4.89
2368 -6.60
2369 9.68
2370 12.47
2371 -4.10
2372 17.83
2373 -9.24
2374 13.29
2375 -4.21
2376 -2.18
2377 -9.50
2378 7.27
2379 6.18
2380 18.03
2381 7.86
2382 -11.49
2383 -14.19
2384 -14.87
2385 23.65
2386 -12.53
2387 -5.90
2388 8.15
2389 12.02
2390 -10.19
2391 14.88
2392 -5.99
2393 15.34
2394 18.12
2395 14.94
2396 -10.95
2397 15.56
2398 19.18
2399 -12.29
2400 17.75
2401 -1.59
2402 -2.44
2403 14.81
2404 15.78
2405 0.54
2406 18.19
2407 1.74
2408 31.60
2409 -16.14
2410 4.27
2411 13.64
2412 22.78
2413 9.40
2414 -0.27
2415 -2.56
2416 12.08
2417 4.16
2418 18.90
2419 22.95
2420 2.75
2421 21.03
2422 8.67
2423 5.84
2424 13.73
2425 23.90
2426 -9.58
2427 0.45
2428 2.15
2429 34.06
2430 24.40
2431 9.75
2432 12.92
2433 0.79
2434 13.37
2435 3.18
2436 -17.45
2437 -9.33
2438 11.46
2439 2.91
2440 14.99
2441 -2.34
2442 30.71
2443 9.07
2444 1.89
2445 10.60
2446 -13.36
2447 3.10
2448 -3.48
2449 13.17
2450 27.61
2451 18.72
2452 14.78
2453 3.64
2454 2.75
2455 20.00
2456 1.46
2457 -0.12
2458 2.55
2459 11.13
2460 -3.85
2461 18.41
2462 19.42
2463 9.31
2464 5.25
2465 8.23
2466 9.50
2467 7.42
2468 -0.36
2469 -4.90
2470 23.63
2471 -3.29
2472 -12.13
2473 14.88
2474 -15.01
2475 -11.84
2476 -6.12
2477 0.30
2478 0.54
2479 -10.68
2480 -1.24
2481 -14.68
2482 0.55
2483 15.42
2484 -2.26
2485 22.39
2486 23.05
2487 36.48
2488 3.11
2489 -9.44
2490 18.91
2491 20.09
2492 5.06
2493 13.25
2494 8.08
2495 -6.63
2496 21.93
2497 3.11
2498 2.56
2499 4.58
2500 -2.60
2501 -7.92
2502 -4.23
2503 -5.55
2504 0.30
2505 9.75
2506 -2.34
2507 -9.15
2508 10.10
2509 -5.91
2510 -12.13
2511 -19.72
2512 14.68
2513 15.61
2514 -14.45
2515 -7.22
2516 0.80
2517 26.27
2518 -4.75
2519 10.30
2520 -11.86
2521 13.59
2522 2.36
2523 4.32
2524 15.09
2525 15.17
2526 -13.59
2527 31.27
2528 -1.13
2529 11.58
2530 12.38
2531 -14.76
2532 22.86
2533 1.75
2534 0.87
2535 8.52
2536 10.47
2537 0.61
2538 10.29
2539 -0.32
2540 17.91
2541 9.72
2542 3.40
2543 14.78
2544 8.47
2545 18.30
2546 12.28
2547 -11.43
2548 6.39
2549 -8.54
2550 15.01
2551 36.15
2552 2.28
2553 14.58
2554 -22.92
2555 13.09
2556 13.02
2557 -3.35
2558 19.38
2559 20.94
2560 -10.54
2561 -15.32
2562 18.87
2563 6.88
2564 19.26
2565 29.51
2566 27.75
2567 -6.30
2568 9.63
2569 30.95
2570 -1.74
2571 10.30
2572 8.70
2573 16.75
2574 -3.72
2575 -7.70
2576 -10.78
2577 -7.44
2578 -0.25
2579 -11.41
2580 25.44
2581 28.95
2582 11.07
2583 -18.69
2584 3.42
2585 21.76
2586 16.70
2587 25.17
2588 -5.91
2589 5.21
2590 6.70
2591 17.69
2592 -22.71
2593 22.90
2594 -13.24
2595 -7.25
2596 -20.70
2597 -13.24
2598 -4.10
2599 -1.86
2600 -9.12
2601 -1.83
2602 14.63
2603 -8.61
2604 13.12
2605 31.58
2606 -5.54
2607 -10.02
2608 -16.08
2609 -17.49
2610 -17.46
2611 -4.06
2612 -17.87
2613 -2.66
2614 -17.69
2615 3.18
2616 7.17
2617 -1.90
2618 4.18
2619 22.25
2620 -15.35
2621 -5.32
2622 14.20
2623 12.35
2624 -11.20
2625 -3.62
2626 -16.53
2627 14.33
2628 7.91
2629 14.93
2630 -14.76
2631 -6.48
2632 17.80
2633 22.17
2634 -5.53
2635 6.34
2636 3.24
2637 19.96
2638 -3.07
2639 -0.61
2640 10.51
2641 9.84
2642 11.28
2643 9.96
2644 -0.71
2645 13.82
2646 18.30
2647 16.23
2648 21.55
2649 18.72
2650 4.15
2651 -13.16
2652 3.39
2653 5.09
2654 14.20
2655 5.72
2656 14.02
2657 18.78
2658 -15.35
2659 28.74
2660 2.32
2661 3.29
2662 -11.97
2663 0.78
2664 -10.54
2665 20.37
2666 24.35
2667 3.71
2668 16.70
2669 -2.66
2670 8.93
2671 2.13
2672 2.50
2673 5.02
2674 9.20
2675 19.17
2676 16.21
2677 -8.12
2678 12.89
2679 14.64
2680 2.14
2681 -14.95
2682 -9.33
2683 10.52
2684 9.03
2685 3.46
2686 14.65
2687 -0.25
2688 0.88
2689 15.48
2690 12.65
2691 8.69
2692 23.89
2693 -7.87
2694 -11.06
2695 -9.52
2696 7.77
2697 6.20
2698 -17.84
2699 -3.20
2700 -4.02
2701 -2.26
2702 39.40
2703 9.98
2704 -17.33
2705 6.88
2706 3.09
2707 12.55
2708 -9.30
2709 16.29
2710 -3.10
2711 12.76
2712 48.78
2713 20.74
2714 9.20
2715 22.85
2716 9.24
2717 -5.25
2718 0.45
2719 -18.90
2720 -8.49
2721 8.81
2722 9.03
2723 -1.27
2724 26.07
2725 12.44
2726 8.24
2727 11.17
2728 15.99
2729 32.62
2730 13.67
2731 5.36
2732 25.38
2733 -4.80
2734 42.64
2735 21.30
2736 -6.54
2737 18.74
2738 0.84
2739 15.08
2740 9.37
2741 16.79
2742 3.04
2743 16.88
2744 16.62
2745 28.00
2746 5.53
2747 6.55
2748 22.32
2749 8.38
2750 18.99
2751 -3.71
2752 31.37
2753 0.07
2754 -1.68
2755 10.11
2756 -7.21
2757 22.50
2758 38.95
2759 -4.67
2760 3.79
2761 19.58
2762 0.97
2763 32.78
2764 22.50
2765 58.84
2766 15.02
2767 23.94
2768 4.75
2769 1.63
2770 0.88
2771 11.01
2772 24.82
2773 -9.02
2774 22.71
2775 29.24
2776 33.25
2777 20.76
2778 9.05
2779 10.44
2780 54.52
2781 18.77
2782 3.00
2783 8.82
2784 5.22
2785 4.02
2786 6.87
2787 36.22
2788 -0.82
2789 21.31
2790 -0.75
2791 -3.77
2792 -6.90
2793 -23.70
2794 -10.41
2795 -12.72
2796 -3.09
2797 -16.27
2798 -24.13
2799 -14.11
2800 -3.42
2801 -19.66
2802 -14.35
2803 -10.07
2804 -18.86
2805 -14.02
2806 -7.66
2807 -13.74
2808 -6.54
2809 -7.87
2810 -7.70
2811 -13.77
2812 -6.32
2813 -11.80
2814 -25.08
2815 -16.57
2816 -10.30
2817 -21.22
2818 -6.93
2819 -19.34
2820 -16.08
2821 -6.14
2822 -7.66
2823 -18.56
2824 -11.37
2825 -7.29
2826 -9.92
2827 -16.59
2828 -14.36
2829 -3.69
2830 4.84
2831 -10.62
2832 15.15
2833 -8.02
2834 1.48
2835 -1.51
2836 2.65
2837 4.40
2838 1.48
2839 -16.38
2840 -7.29
2841 33.67
2842 -2.87
2843 38.75
2844 5.79
2845 -4.98
2846 -22.23
2847 10.55
2848 -9.35
2849 -2.49
2850 35.71
2851 25.24
2852 10.70
2853 9.90
2854 23.79
2855 36.60
2856 16.50
2857 12.77
2858 5.31
2859 5.14
2860 22.78
2861 31.83
2862 9.42
2863 24.28
2864 31.87
2865 0.78
2866 4.19
2867 10.90
2868 13.62
2869 4.02
2870 -2.86
2871 5.69
2872 10.72
2873 10.72
2874 14.38
2875 22.83
2876 20.75
2877 12.26
2878 9.97
2879 -1.71
2880 8.94
2881 -4.62
2882 8.27
2883 3.85
2884 -2.53
2885 -7.24
2886 13.91
2887 0.39
2888 2.57
2889 15.71
2890 13.91
2891 0.05
2892 18.21
2893 13.70
2894 29.48
2895 10.35
2896 -9.20
2897 5.77
2898 21.77
2899 10.01
2900 7.35
2901 7.86
2902 4.22
2903 3.42
2904 -0.94
2905 9.77
2906 6.94
2907 28.25
2908 11.93
2909 -1.12
2910 8.81
2911 9.88
2912 12.77
2913 1.91
2914 5.77
2915 12.77
2916 9.77
2917 14.67
2918 0.13
2919 -2.95
2920 7.86
2921 10.75
2922 -6.09
2923 27.14
2924 4.32
2925 7.29
2926 7.17
2927 8.75
2928 24.99
2929 5.66
2930 13.04
2931 12.16
2932 18.72
2933 5.96
2934 5.87
2935 -4.62
2936 -6.07
2937 3.12
2938 -8.68
2939 0.92
2940 -4.00
2941 24.28
2942 11.51
2943 -3.33
2944 -11.56
2945 0.13
2946 -10.62
2947 -1.62
2948 -9.85
2949 -12.11
2950 -4.89
2951 -2.86
2952 -9.85
2953 11.79
2954 3.42
2955 -3.60
2956 -4.23
2957 2.29
2958 -2.11
2959 5.67
2960 -6.34
2961 -2.95
2962 7.31
2963 -3.77
2964 5.69
2965 -2.25
2966 13.91
2967 10.85
2968 14.75
2969 -7.73
2970 -8.40
2971 -5.09
2972 -9.37
2973 5.79
2974 -6.88
2975 -2.52
2976 -2.33
2977 -5.03
2978 -4.25
2979 11.56
2980 28.25
2981 -5.91
2982 12.56
2983 2.55
2984 -2.64
2985 -17.50
2986 15.38
2987 3.70
2988 19.42
2989 6.19
2990 4.68
2991 -9.25
2992 -2.60
2993 0.82
2994 18.32
2995 -3.71
2996 11.04
2997 -0.09
2998 5.66
2999 1.60
3000 1.60
3001 5.09
3002 15.50
3003 0.82
3004 -11.95
3005 1.60
3006 13.77
3007 17.22
3008 4.64
3009 0.75
3010 25.22
3011 5.67
3012 16.11
3013 6.73
3014 -4.79
3015 -2.25
3016 9.42
3017 -8.55
3018 2.55
3019 -7.73
3020 2.55
3021 13.93
3022 -3.69
3023 11.12
3024 0.51
3025 -6.88
3026 -3.34
3027 1.75
3028 12.66
3029 -5.74
3030 3.63
3031 5.75
3032 -0.52
3033 -4.34
3034 12.81
3035 -7.01
3036 -7.01
3037 27.45
3038 10.05
3039 32.41
3040 -12.67
3041 -6.14
3042 10.05
3043 5.79
3044 -5.53
3045 36.44
3046 -4.51
3047 -5.44
3048 -11.47
3049 -4.51
3050 7.29
3051 1.52
3052 20.75
3053 8.39
3054 3.09
3055 0.13
3056 -9.67
3057 3.04
3058 -7.08
3059 -7.25
3060 -2.67
3061 3.82
3062 11.29
3063 12.08
3064 4.63
3065 8.67
3066 -2.67
3067 -1.64
3068 -4.79
3069 -16.87
3070 -3.78
3071 35.13
3072 15.01
3073 -0.60
3074 -7.25
3075 -10.97
3076 -11.80
3077 -11.25
3078 17.22
3079 -4.75
3080 3.98
3081 -9.49
3082 -13.66
3083 -9.49
3084 0.56
3085 -11.38
3086 -7.35
3087 12.52
3088 -17.25
3089 8.04
3090 5.44
3091 -11.10
3092 4.46
3093 12.07
3094 15.46
3095 2.06
3096 24.78
3097 -3.50
3098 -0.48
3099 -22.63
3100 -9.11
3101 -9.31
3102 -9.44
3103 -15.09
3104 8.23
3105 -8.50
3106 0.23
3107 -0.43
3108 -1.53
3109 0.63
3110 13.05
3111 16.21
3112 21.42
3113 -6.48
3114 10.09
3115 -8.39
3116 3.30
3117 20.38
3118 -1.38
3119 6.27
3120 -10.18
3121 -7.12
3122 -3.70
3123 1.16
3124 -0.10
3125 3.97
3126 -0.61
3127 11.28
3128 9.47
3129 -8.09
3130 4.48
3131 -7.32
3132 -1.23
3133 -9.80
3134 -7.51
3135 7.77
3136 -13.29
3137 -11.43
3138 -10.36
3139 6.27
3140 8.75
3141 13.91
3142 -14.66
3143 -2.11
3144 -1.10
3145 4.12
3146 -7.57
3147 5.84
3148 -13.16
3149 -4.39
3150 4.15
3151 -0.16
3152 -1.41
3153 3.06
3154 -3.62
3155 76.35
3156 -16.55
3157 -6.98
3158 -7.11
3159 8.82
3160 3.67
3161 8.82
3162 14.69
3163 11.12
3164 16.11
3165 11.21
3166 14.85
3167 4.63
3168 12.40
3169 -3.82
3170 3.18
3171 -2.39
3172 3.18
3173 -1.51
3174 11.70
3175 0.31
3176 -6.14
3177 5.18
3178 -2.47
3179 -10.77
3180 1.51
3181 -1.55
3182 -4.43
3183 4.78
3184 7.08
3185 14.31
3186 27.52
3187 24.38
3188 -12.25
3189 1.78
3190 8.31
3191 6.76
3192 1.60
3193 15.01
3194 -14.92
3195 7.81
3196 1.54
3197 -1.33
3198 -0.43
3199 -9.89
3200 3.09
3201 7.35
3202 -2.16
3203 -3.42
3204 -2.47
3205 45.38
3206 29.88
3207 24.00
3208 24.00
3209 24.00
3210 8.56
3211 7.81
3212 14.74
3213 -9.49
3214 20.92
3215 3.98
3216 -3.74
3217 -7.25
3218 -4.75
3219 23.54
3220 -9.49
3221 -3.74
3222 -12.70
3223 -8.07
3224 20.88
3225 26.36
3226 -0.98
3227 19.14
3228 -12.70
3229 12.85
3230 10.33
3231 23.56
3232 -14.75
3233 5.62
3234 16.68
3235 8.61
3236 -6.98
3237 -3.77
3238 28.28
3239 9.18
3240 21.73
3241 -3.77
3242 -4.79
3243 11.40
3244 -2.99
3245 28.35
3246 9.91
3247 5.62
3248 -1.65
3249 -2.72
3250 -6.78
3251 1.71
3252 0.56
3253 -5.69
3254 40.93
3255 1.63
3256 14.78
3257 14.09
3258 11.81
3259 -3.93
3260 15.73
3261 -2.73
3262 -0.53
3263 -3.79
3264 -12.26
3265 1.78
3266 29.49
3267 20.86
3268 26.04
3269 1.75
3270 3.55
3271 33.16
3272 39.59
3273 8.37
3274 24.94
3275 17.79
3276 4.33
3277 0.63
3278 18.71
3279 21.22
3280 15.38
3281 -10.94
3282 13.99
3283 18.32
3284 15.78
3285 -7.46
3286 19.64
3287 14.78
3288 17.19
3289 15.01
3290 15.01
3291 21.79
3292 -0.18
3293 -15.88
3294 -4.78
3295 4.05
3296 -5.88
3297 -11.84
3298 11.89
3299 15.49
3300 -3.29
3301 6.03
3302 4.74
3303 -5.88
3304 -8.23
3305 -8.93
3306 -1.26
3307 -9.27
3308 1.33
3309 -0.52
3310 -16.42
3311 -4.31
3312 -0.98
3313 13.45
3314 -12.96
3315 -10.01
3316 3.20
3317 34.86
3318 5.11
3319 -3.10
3320 -8.02
3321 0.09
3322 -11.76
3323 -11.49
3324 -9.95
3325 -2.29
3326 12.18
3327 -6.69
3328 -11.67
3329 1.75
3330 -17.40
3331 -11.15
3332 -4.86
3333 -4.24
3334 -12.69
3335 -11.15
3336 -3.60
3337 22.81
3338 -4.24
3339 -8.43
3340 -1.62
3341 -8.43
3342 -3.60
3343 -0.94
3344 -20.67
3345 6.69
3346 1.18
3347 -21.83
3348 4.97
3349 -8.99
3350 -0.09
3351 -19.46
3352 -1.08
3353 0.29
3354 -3.93
3355 0.63
3356 5.66
3357 -3.45
3358 0.25
3359 4.63
3360 -3.06
3361 5.69
3362 -3.93
3363 -16.69
3364 -10.50
3365 -7.56
3366 -13.21
3367 -2.16
3368 -3.93
3369 -4.65
3370 -9.96
3371 -9.86
3372 0.41
3373 -11.15
3374 -14.02
3375 2.27
3376 3.52
3377 -15.10
3378 1.61
3379 -5.35
3380 1.45
3381 -4.65
3382 -17.68
3383 -8.03
3384 -8.03
3385 -6.04
3386 -5.25
3387 -11.15
3388 -1.90
3389 -3.45
3390 -5.58
3391 -2.52
3392 -5.58
3393 0.66
3394 -1.13
3395 -2.67
3396 -0.16
3397 4.08
3398 10.75
3399 -8.30
3400 15.00
3401 12.56
3402 -1.13
3403 9.83
3404 -13.86
3405 -13.78
3406 -1.39
3407 -5.58
3408 -2.09
3409 -13.86
3410 -8.95
3411 -7.58
3412 -15.98
3413 6.07
3414 -1.06
3415 6.58
3416 -8.85
3417 -4.87
3418 -22.94
3419 -9.59
3420 -6.52
3421 8.45
3422 -10.50
3423 -6.04
3424 -7.01
3425 -23.89
3426 -2.05
3427 -11.96
3428 -23.44
3429 -13.47
3430 -12.97
3431 -18.28
3432 -13.69
3433 -8.64
3434 -23.15
3435 -10.68
3436 -17.33
3437 -14.46
3438 -8.64
3439 -10.68
3440 -21.97
3441 -19.47
3442 -24.73
3443 -9.33
3444 -10.84
3445 -9.03
3446 -9.01
3447 -17.80
3448 -6.94
3449 1.45
3450 11.09
3451 -8.17
3452 -3.78
3453 7.32
3454 19.06
3455 -2.95
3456 -8.32
3457 -6.44
3458 -1.96
3459 -2.44
3460 -0.25
3461 -1.71
3462 48.39
3463 -2.46
3464 -14.39
3465 0.28
3466 -2.62
3467 -3.46
3468 -11.26
3469 -16.25
3470 -16.23
3471 -10.77
3472 -14.65
3473 -14.95
3474 -18.56
3475 10.76
3476 -13.86
3477 -13.86
3478 6.84
3479 -2.52
3480 -15.44
3481 -15.87
3482 -4.89
3483 -27.13
3484 -12.63
3485 -16.46
3486 -18.19
3487 -11.43
3488 -0.50
3489 -0.50
3490 7.35
3491 1.97
3492 1.53
3493 4.12
3494 -18.28
3495 6.30
3496 2.44
3497 -6.04
3498 -10.06
3499 -18.70
3500 -13.90
3501 -3.57
3502 -11.46
3503 -3.94
3504 5.79
3505 -1.24
3506 -22.12
3507 -16.88
3508 -6.25
3509 -17.21
3510 -7.08
3511 -20.79
3512 -20.21
3513 -25.59
3514 -11.21
3515 -20.54
3516 -19.95
3517 -24.95
3518 -12.70
3519 -20.77
3520 -13.42
3521 -0.01
3522 -3.78
3523 -16.75
3524 4.10
3525 -19.34
3526 2.75
3527 -16.75
3528 -4.93
3529 -14.29
3530 -15.33
3531 4.68
3532 -19.96
3533 -27.22
3534 15.78
3535 -16.42
3536 -24.41
3537 -25.51
3538 -12.57
3539 -11.89
3540 -17.63
3541 -8.31
3542 -6.79
3543 -2.72
3544 0.82
3545 -27.09
3546 -26.57
3547 -26.57
3548 -5.53
3549 14.69
3550 -17.25
3551 -24.76
3552 -15.11
3553 -1.97
3554 -17.25
3555 9.98
3556 -23.61
3557 -15.84
3558 -1.08
3559 -17.94
3560 -16.97
3561 -13.72
3562 14.85
3563 4.63
3564 -13.72
3565 0.63
3566 -10.16
3567 -6.02
3568 -18.68
3569 -11.34
3570 -7.73
3571 -17.33
3572 -3.34
3573 5.23
3574 -1.38
3575 -1.55
3576 -9.68
3577 -13.82
3578 -1.38
3579 3.24
3580 0.47
3581 -10.50
3582 -13.46
3583 -12.14
3584 -10.30
3585 -12.81
3586 -13.46
3587 -4.34
3588 -5.56
3589 -13.08
3590 31.15
3591 -8.13
3592 -18.33
3593 -24.54
3594 -19.99
3595 -20.77
3596 0.46
3597 -8.99
3598 -18.33
3599 -8.13
3600 -19.22
3601 -9.58
3602 -15.31
3603 -6.45
3604 -13.74
3605 9.50
3606 -9.12
3607 -0.59
3608 10.73
3609 7.29
3610 -11.96
3611 -23.36
3612 -22.26
3613 -10.25
3614 -8.88
3615 -12.78
3616 1.60
3617 -1.94
3618 12.28
3619 11.02
3620 -11.96
3621 4.11
3622 5.21
3623 -2.03
3624 -5.69
3625 -16.14
3626 9.90
3627 -18.90
3628 -8.01
3629 -20.88
3630 7.76
3631 -2.24
3632 -5.15
3633 -18.21
3634 -21.82
3635 -0.48
3636 -21.94
3637 -16.71
3638 -14.04
3639 -20.22
3640 -13.25
3641 -0.56
3642 -12.25
3643 -4.88
3644 -25.19
3645 -8.84
3646 -9.00
3647 15.59
3648 -26.58
3649 -14.55
3650 -17.08
3651 -10.93
3652 -7.23
3653 -5.94
3654 -5.94
3655 -21.17
3656 -11.86
3657 -6.87
3658 4.38
3659 1.83
3660 6.72
3661 8.04
3662 -0.24
3663 -12.63
3664 9.93
3665 16.33
3666 -1.32
3667 5.68
3668 -0.25
3669 -4.50
3670 4.46
3671 20.80
3672 -0.25
3673 -11.96
3674 -3.74
3675 -13.64
3676 -5.50
3677 -1.33
3678 0.67
3679 -0.25
3680 -3.74
3681 -10.22
3682 -6.49
3683 -14.25
3684 -9.12
3685 -25.54
3686 -15.25
3687 -4.50
3688 -3.47
3689 -1.33
3690 -6.49
3691 15.92
3692 -21.41
3693 -12.06
3694 1.16
3695 -14.01
3696 -12.29
3697 -15.66
3698 -8.61
3699 -1.53
3700 1.67
3701 -13.40
3702 -4.81
3703 -10.93
3704 11.79
3705 -1.53
3706 -1.53
3707 -3.53
3708 -9.33
3709 -0.61
3710 -2.45
3711 -13.74
3712 -20.34
3713 -5.74
3714 -5.94
3715 -11.02
3716 -15.98
3717 -25.30
3718 -15.85
3719 -10.18
3720 -22.96
3721 -17.58
3722 -6.72
3723 -2.37
3724 5.58
3725 -6.72
3726 -18.11
3727 0.13
3728 4.12
3729 -12.21
3730 -22.64
3731 -21.58
3732 -17.17
3733 -22.64
3734 -25.47
3735 2.00
3736 -27.28
3737 -14.38
3738 -24.79
3739 -8.25
3740 -10.66
3741 -25.31
3742 -17.20
3743 -15.32
3744 -32.00
3745 -29.94
3746 -11.71
3747 -16.58
3748 -15.96
3749 -13.62
3750 -25.47
3751 -4.25
3752 0.90
3753 -4.93
3754 -2.11
3755 -0.12
3756 9.63
3757 -4.01
3758 -2.69
3759 -5.83
3760 -3.07
3761 -3.07
3762 -3.15
3763 -6.71
3764 -9.25
3765 -12.41
3766 -16.75
3767 -4.01
3768 -12.41
3769 -8.42
3770 -20.27
3771 -12.63
3772 4.15
3773 -16.03
3774 -11.64
3775 -7.57
3776 -21.46
3777 -1.18
3778 -12.35
3779 -16.75
3780 -2.24
3781 -2.24
3782 -19.64
3783 3.93
3784 -9.43
3785 -9.39
3786 -14.37
3787 -3.15
3788 -9.60
3789 -1.06
3790 -9.39
3791 -23.85
3792 -9.60
3793 -2.78
3794 -5.43
3795 -22.11
3796 -12.61
3797 23.83
3798 -11.06
3799 -10.25
3800 -13.23
3801 -8.58
3802 -17.94
3803 -15.11
3804 -22.11
3805 -14.37
3806 -17.67
3807 -19.93
3808 -5.04
3809 -2.78
3810 -8.58
3811 0.88
3812 -19.64
3813 -14.77
3814 -33.63
3815 -11.85
3816 -5.96
3817 -14.15
3818 -10.46
3819 -34.56
3820 -20.83
3821 -15.87
3822 -27.70
3823 -25.26
3824 -0.98
3825 -20.54
3826 -16.91
3827 -5.15
3828 -9.60
3829 -8.23
3830 -15.84
3831 -2.24
3832 -16.03
3833 4.12
3834 -18.05
3835 -11.19
3836 -2.34
3837 -25.87
3838 -15.54
3839 -13.00
3840 -23.61
3841 -9.57
3842 -19.05
3843 -8.31
3844 -11.20
3845 -23.95
3846 -16.08
3847 -12.57
3848 -17.52
3849 -20.04
3850 -16.42
3851 -18.21
3852 -18.21
3853 -12.25
3854 -27.83
3855 -16.42
3856 -19.92
3857 6.34
3858 -12.57
3859 -16.81
3860 -17.52
3861 -18.90
3862 -4.39
3863 -19.92
3864 -14.55
3865 -8.50
3866 -9.25
3867 -8.50
3868 -7.73
3869 -2.84
3870 -9.04
3871 6.74
3872 -2.95
3873 1.64
3874 18.32
3875 -20.52
3876 -14.04
3877 -13.48
3878 -28.20
3879 -7.35
3880 -1.32
3881 -19.98
3882 3.30
3883 3.33
3884 -7.66
3885 -16.87
3886 -12.06
3887 -15.55
3888 -17.03
3889 -9.87
3890 -15.55
3891 -19.26
3892 -18.14
3893 -19.37
3894 -14.88
3895 -18.53
3896 -23.37
3897 -24.02
3898 -16.72
3899 -26.52
3900 -24.27
3901 -24.27
3902 -14.87
3903 -18.30
3904 -20.22
3905 -22.90
3906 -24.93
3907 -5.25
3908 -16.28
3909 -7.51
3910 -11.90
3911 -16.06
3912 5.18
3913 2.14
3914 -10.33
3915 -21.12
3916 -5.25
3917 -26.84
3918 -25.77
3919 -27.17
3920 -20.25
3921 -22.47
3922 -15.81
3923 -21.74
3924 -20.25
3925 -12.86
3926 1.78
3927 -11.51
3928 12.52
3929 -6.30
3930 -8.85
3931 -15.09
3932 -11.62
3933 -1.53
3934 -15.41
3935 -5.94
3936 1.10
3937 -18.72
3938 9.63
3939 36.14
3940 9.63
3941 -7.87
3942 -12.92
3943 14.84
3944 -14.29
3945 2.08
3946 -20.79
3947 -20.21
3948 -0.91
3949 -0.91
3950 -24.06
3951 -1.84
3952 31.13
3953 -8.44
3954 -12.65
3955 -7.88
3956 -3.78
3957 -13.42
3958 -11.13
3959 -7.25
3960 -16.03
3961 -13.63
3962 10.26
3963 10.26
3964 17.70
3965 24.10
3966 32.28
3967 33.42
3968 -1.13
3969 -21.57
3970 -14.20
3971 -10.50
3972 8.67
3973 3.84
3974 -15.36
3975 -18.73
3976 -14.82
3977 7.55
3978 -1.66
3979 -14.82
3980 -18.38
3981 -13.42
3982 -29.73
3983 -3.74
3984 -19.93
3985 -20.57
3986 -22.51
3987 -12.94
3988 -13.61
3989 -12.94
3990 -9.67
3991 3.98
3992 -16.46
3993 17.71
3994 4.19
3995 -22.26
3996 -12.94
3997 -19.34
3998 -21.20
3999 -10.43
4000 -21.85
4001 -16.14
4002 -25.46
4003 -14.82
4004 -26.41
4005 -12.84
4006 -11.43
4007 -22.11
4008 -11.38
4009 -10.50
4010 10.70
4011 -3.90
4012 -9.87
4013 -7.74
4014 -26.84
4015 -18.90
4016 4.57
4017 -10.50
4018 -17.52
4019 -20.75
4020 -40.24
4021 -2.72
4022 -17.10
4023 -21.44
4024 -5.69
4025 4.81
4026 -8.68
4027 1.71
4028 -4.83
4029 -6.56
4030 1.78
4031 1.78
4032 -7.81
4033 3.12
4034 -8.77
4035 -30.99
4036 -26.02
4037 5.82
4038 -23.68
4039 -16.72
4040 -30.55
4041 7.11
4042 11.24
4043 14.99
4044 9.82
4045 28.39
4046 3.95
4047 -22.12
4048 -27.09
4049 -19.44
4050 -13.78
4051 -28.10
4052 -23.85
4053 -11.45
4054 -11.85
4055 -11.74
4056 1.74
4057 -22.43
4058 -15.35
4059 -22.14
4060 -11.93
4061 -1.59
4062 -16.81
4063 -12.25
4064 -9.76
4065 4.17
4066 -6.76
4067 7.88
4068 -19.47
4069 -6.10
4070 -22.91
4071 0.80
4072 -5.53
4073 -15.04
4074 -4.95
4075 -28.03
4076 -34.84
4077 -3.42
4078 14.65
4079 19.67
4080 -8.92
4081 17.00
4082 -7.22
4083 15.12
4084 9.42
4085 2.27
4086 -1.96
4087 -4.21
4088 -17.10
4089 -14.76
4090 12.76
4091 -2.05
4092 1.27
4093 20.46
4094 -15.25
4095 1.45
4096 0.42
4097 -23.30
4098 -22.82
4099 -26.71
4100 -28.94
4101 -3.69
4102 -37.78
4103 2.14
4104 -29.47
4105 -5.95
4106 -5.18
4107 6.75
4108 6.47
4109 -6.15
4110 -11.20
4111 -1.25
4112 10.51
4113 10.51
4114 -9.82
4115 -2.95
4116 -6.91
4117 -18.56
4118 -1.25
4119 -5.37
4120 -7.73
4121 -1.97
4122 12.28
4123 10.73
4124 -1.97
4125 2.65
4126 -16.58
4127 -6.90
4128 9.63
4129 -18.11
4130 -10.02
4131 -10.02
4132 -9.99
4133 -19.56
4134 -8.50
4135 -30.19
4136 -10.24
4137 -10.19
4138 -6.32
4139 -16.88
4140 -30.19
4141 7.86
4142 16.11
4143 7.44
4144 -2.95
4145 0.94
4146 14.02
4147 -2.07
4148 -7.91
4149 -4.80
4150 11.06
4151 20.87
4152 21.88
4153 7.86
4154 37.41
4155 4.11
4156 15.01
4157 -1.25
4158 3.24
4159 4.63
4160 19.86
4161 12.81
4162 -2.97
4163 0.90
4164 -15.33
4165 -18.05
4166 5.25
4167 9.16
4168 -0.44
4169 -6.19
4170 -13.42
4171 3.88
4172 -4.89
4173 -8.67
4174 -1.94
4175 -14.82
4176 -10.78
4177 9.92
4178 -1.45
4179 14.75
4180 8.11
4181 16.82
4182 20.79
4183 7.44
4184 -6.58
4185 -0.23
4186 5.21
4187 -1.11
4188 5.19
4189 12.76
4190 -1.30
4191 1.74
4192 -5.25
4193 5.14
4194 -7.11
4195 12.77
4196 -24.87
4197 -3.11
4198 -13.25
4199 -21.17
4200 -11.20
4201 -22.45
4202 19.50
4203 0.86
4204 28.52
4205 9.75
4206 18.32
4207 -9.04
4208 -5.99
4209 7.82
4210 10.75
4211 6.79
4212 -2.69
4213 10.76
4214 3.11
4215 22.64
4216 -1.90
4217 -26.46
4218 -25.87
4219 2.14
4220 -19.98
4221 -2.43
4222 -3.50
4223 11.85
4224 11.85
4225 10.78
4226 3.93
4227 8.73
4228 5.75
4229 4.75
4230 0.20
4231 -2.34
4232 3.80
4233 -0.33
4234 12.58
4235 -4.36
4236 5.66
4237 2.87
4238 15.85
4239 -17.20
4240 -13.34
4241 -5.91
4242 -15.32
4243 -15.32
4244 -24.83
4245 -24.71
4246 -20.46
4247 -21.02
4248 -20.46
4249 0.48
4250 8.54
4251 -16.25
4252 -4.54
4253 5.18
4254 -7.25
4255 -14.82
4256 -16.17
4257 -13.82
4258 12.28
4259 -2.76
4260 -7.89
